{"producer":{"name":"Blender","version":"2.78 (sub 0)","exporter_version":"5.4.2","file":"cod.babylon"},
"autoClear":true,"clearColor":[0.0509,0.0509,0.0509],"ambientColor":[0,0,0],"gravity":[0,-9.81,0],
"materials":[],
"multiMaterials":[],
"skeletons":[{"name":"CodArmature","id":0,"dimensionsAtRest":[0.9715,0.25,2.0048],"bones":[
{"name":"Bone","index":0,"matrix":[1,0,0,0,0,1,0,0,0,0,-1,0,0,-0.25,0,1],"rest":[1,0,0,0,0,1,0,0,0,0,-1,0,0,-0.25,0,1],"parentBoneIndex":-1,"length":0.25
,"animation":{"dataType":3,"framePerSecond":24,"keys":[
{"frame":1,"values":[1,0,0,0,0,1,0,0,0,0,-1,0,0,-0.25,0,1]},
{"frame":60,"values":[1,0,0,0,0,1,0,0,0,0,-1,0,0,-0.25,0,1]}],"loopBehavior":1,"name":"anim","property":"_matrix"}},
{"name":"Bone.001","index":1,"matrix":[0.9996,0,0.0287,0,0.0287,0,-0.9996,0,0,1,0,0,0,0.25,0,1],"rest":[1,0,0,0,0,0,-1,0,0,1,0,0,0,0.25,0,1],"parentBoneIndex":0,"length":0.5048
,"animation":{"dataType":3,"framePerSecond":24,"keys":[
{"frame":1,"values":[0.9994,0,0.0349,0,0.0349,0,-0.9994,0,0,1,0,0,0,0.25,0,1]},
{"frame":2,"values":[0.9994,0,0.0347,0,0.0347,0,-0.9994,0,0,1,0,0,0,0.25,0,1]},
{"frame":3,"values":[0.9994,0,0.0342,0,0.0342,0,-0.9994,0,0,1,0,0,0,0.25,0,1]},
{"frame":4,"values":[0.9994,0,0.0332,0,0.0332,0,-0.9994,0,0,1,0,0,0,0.25,0,1]},
{"frame":5,"values":[0.9995,0,0.0319,0,0.0319,0,-0.9995,0,0,1,0,0,0,0.25,0,1]},
{"frame":6,"values":[0.9995,0,0.0303,0,0.0303,0,-0.9995,0,0,1,0,0,0,0.25,0,1]},
{"frame":7,"values":[0.9996,0,0.0283,0,0.0283,0,-0.9996,0,0,1,0,0,0,0.25,0,1]},
{"frame":8,"values":[0.9997,0,0.0259,0,0.0259,0,-0.9997,0,0,1,0,0,0,0.25,0,1]},
{"frame":9,"values":[0.9997,0,0.0232,0,0.0232,0,-0.9997,0,0,1,0,0,0,0.25,0,1]},
{"frame":10,"values":[0.9998,0,0.0202,0,0.0202,0,-0.9998,0,0,1,0,0,0,0.25,0,1]},
{"frame":11,"values":[0.9999,0,0.0169,0,0.0169,0,-0.9999,0,0,1,0,0,0,0.25,0,1]},
{"frame":12,"values":[0.9999,0,0.0134,0,0.0134,0,-0.9999,0,0,1,0,0,0,0.25,0,1]},
{"frame":13,"values":[1,0,0.0097,0,0.0097,0,-1,0,0,1,0,0,0,0.25,0,1]},
{"frame":14,"values":[1,0,0.0059,0,0.0059,0,-1,0,0,1,0,0,0,0.25,0,1]},
{"frame":15,"values":[1,0,0.002,0,0.002,0,-1,0,0,1,0,0,0,0.25,0,1]},
{"frame":16,"values":[1,0,-0.002,0,-0.002,0,-1,0,0,1,0,0,0,0.25,0,1]},
{"frame":17,"values":[1,0,-0.0059,0,-0.0059,0,-1,0,0,1,0,0,0,0.25,0,1]},
{"frame":18,"values":[1,0,-0.0097,0,-0.0097,0,-1,0,0,1,0,0,0,0.25,0,1]},
{"frame":19,"values":[0.9999,0,-0.0134,0,-0.0134,0,-0.9999,0,0,1,0,0,0,0.25,0,1]},
{"frame":20,"values":[0.9999,0,-0.0169,0,-0.0169,0,-0.9999,0,0,1,0,0,0,0.25,0,1]},
{"frame":21,"values":[0.9998,0,-0.0202,0,-0.0202,0,-0.9998,0,0,1,0,0,0,0.25,0,1]},
{"frame":22,"values":[0.9997,0,-0.0232,0,-0.0232,0,-0.9997,0,0,1,0,0,0,0.25,0,1]},
{"frame":23,"values":[0.9997,0,-0.0259,0,-0.0259,0,-0.9997,0,0,1,0,0,0,0.25,0,1]},
{"frame":24,"values":[0.9996,0,-0.0283,0,-0.0283,0,-0.9996,0,0,1,0,0,0,0.25,0,1]},
{"frame":25,"values":[0.9995,0,-0.0303,0,-0.0303,0,-0.9995,0,0,1,0,0,0,0.25,0,1]},
{"frame":26,"values":[0.9995,0,-0.032,0,-0.032,0,-0.9995,0,0,1,0,0,0,0.25,0,1]},
{"frame":27,"values":[0.9994,0,-0.0332,0,-0.0332,0,-0.9994,0,0,1,0,0,0,0.25,0,1]},
{"frame":28,"values":[0.9994,0,-0.0342,0,-0.0342,0,-0.9994,0,0,1,0,0,0,0.25,0,1]},
{"frame":29,"values":[0.9994,0,-0.0347,0,-0.0347,0,-0.9994,0,0,1,0,0,0,0.25,0,1]},
{"frame":30,"values":[0.9994,0,-0.0349,0,-0.0349,0,-0.9994,0,0,1,0,0,0,0.25,0,1]},
{"frame":31,"values":[0.9994,0,-0.0347,0,-0.0347,0,-0.9994,0,0,1,0,0,0,0.25,0,1]},
{"frame":32,"values":[0.9994,0,-0.0342,0,-0.0342,0,-0.9994,0,0,1,0,0,0,0.25,0,1]},
{"frame":33,"values":[0.9994,0,-0.0334,0,-0.0334,0,-0.9994,0,0,1,0,0,0,0.25,0,1]},
{"frame":34,"values":[0.9995,0,-0.0321,0,-0.0321,0,-0.9995,0,0,1,0,0,0,0.25,0,1]},
{"frame":35,"values":[0.9995,0,-0.0306,0,-0.0306,0,-0.9995,0,0,1,0,0,0,0.25,0,1]},
{"frame":36,"values":[0.9996,0,-0.0287,0,-0.0287,0,-0.9996,0,0,1,0,0,0,0.25,0,1]},
{"frame":37,"values":[0.9996,0,-0.0265,0,-0.0265,0,-0.9996,0,0,1,0,0,0,0.25,0,1]},
{"frame":38,"values":[0.9997,0,-0.0239,0,-0.0239,0,-0.9997,0,0,1,0,0,0,0.25,0,1]},
{"frame":39,"values":[0.9998,0,-0.0211,0,-0.0211,0,-0.9998,0,0,1,0,0,0,0.25,0,1]},
{"frame":40,"values":[0.9998,0,-0.018,0,-0.018,0,-0.9998,0,0,1,0,0,0,0.25,0,1]},
{"frame":41,"values":[0.9999,0,-0.0147,0,-0.0147,0,-0.9999,0,0,1,0,0,0,0.25,0,1]},
{"frame":42,"values":[0.9999,0,-0.0112,0,-0.0112,0,-0.9999,0,0,1,0,0,0,0.25,0,1]},
{"frame":43,"values":[1,0,-0.0076,0,-0.0076,0,-1,0,0,1,0,0,0,0.25,0,1]},
{"frame":44,"values":[1,0,-0.0038,0,-0.0038,0,-1,0,0,1,0,0,0,0.25,0,1]},
{"frame":45,"values":[1,0,0,0,0,0,-1,0,0,1,0,0,0,0.25,0,1]},
{"frame":46,"values":[1,0,0.0038,0,0.0038,0,-1,0,0,1,0,0,0,0.25,0,1]},
{"frame":47,"values":[1,0,0.0076,0,0.0076,0,-1,0,0,1,0,0,0,0.25,0,1]},
{"frame":48,"values":[0.9999,0,0.0112,0,0.0112,0,-0.9999,0,0,1,0,0,0,0.25,0,1]},
{"frame":49,"values":[0.9999,0,0.0147,0,0.0147,0,-0.9999,0,0,1,0,0,0,0.25,0,1]},
{"frame":50,"values":[0.9998,0,0.018,0,0.018,0,-0.9998,0,0,1,0,0,0,0.25,0,1]},
{"frame":51,"values":[0.9998,0,0.0211,0,0.0211,0,-0.9998,0,0,1,0,0,0,0.25,0,1]},
{"frame":52,"values":[0.9997,0,0.0239,0,0.0239,0,-0.9997,0,0,1,0,0,0,0.25,0,1]},
{"frame":53,"values":[0.9996,0,0.0265,0,0.0265,0,-0.9996,0,0,1,0,0,0,0.25,0,1]},
{"frame":54,"values":[0.9996,0,0.0287,0,0.0287,0,-0.9996,0,0,1,0,0,0,0.25,0,1]},
{"frame":55,"values":[0.9995,0,0.0306,0,0.0306,0,-0.9995,0,0,1,0,0,0,0.25,0,1]},
{"frame":56,"values":[0.9995,0,0.0321,0,0.0321,0,-0.9995,0,0,1,0,0,0,0.25,0,1]},
{"frame":57,"values":[0.9994,0,0.0334,0,0.0334,0,-0.9994,0,0,1,0,0,0,0.25,0,1]},
{"frame":58,"values":[0.9994,0,0.0342,0,0.0342,0,-0.9994,0,0,1,0,0,0,0.25,0,1]},
{"frame":59,"values":[0.9994,0,0.0347,0,0.0347,0,-0.9994,0,0,1,0,0,0,0.25,0,1]},
{"frame":60,"values":[0.9994,0,0.0349,0,0.0349,0,-0.9994,0,0,1,0,0,0,0.25,0,1]}],"loopBehavior":1,"name":"anim","property":"_matrix"}},
{"name":"Bone.005","index":2,"matrix":[-0.8034,0,0.5954,0,0.5954,0,0.8034,0,0,1,0,0,0.2643,0.1466,0.0108,1],"rest":[-0.3436,0,0.9391,0,0.9391,0,0.3436,0,0,1,0,0,0.2643,0.1466,0.0108,1],"parentBoneIndex":0,"length":0.2358
,"animation":{"dataType":3,"framePerSecond":24,"keys":[
{"frame":1,"values":[0.4211,0,0.907,0,0.907,0,-0.4211,0,0,1,0,0,0.2643,0.1466,0.0108,1]},
{"frame":2,"values":[0.3613,0,0.9325,0,0.9325,0,-0.3613,0,0,1,0,0,0.2643,0.1466,0.0108,1]},
{"frame":3,"values":[0.1674,0,0.9859,0,0.9859,0,-0.1674,0,0,1,0,0,0.2643,0.1466,0.0108,1]},
{"frame":4,"values":[-0.1586,0,0.9873,0,0.9873,0,0.1586,0,0,1,0,0,0.2643,0.1466,0.0108,1]},
{"frame":5,"values":[-0.5161,0,0.8565,0,0.8565,0,0.5161,0,0,1,0,0,0.2643,0.1466,0.0108,1]},
{"frame":6,"values":[-0.7641,0,0.645,0,0.645,0,0.7641,0,0,1,0,0,0.2643,0.1466,0.0108,1]},
{"frame":7,"values":[-0.8778,0,0.4791,0,0.4791,0,0.8778,0,0,1,0,0,0.2643,0.1466,0.0108,1]},
{"frame":8,"values":[-0.907,0,0.4211,0,0.4211,0,0.907,0,0,1,0,0,0.2643,0.1466,0.0108,1]},
{"frame":9,"values":[-0.8778,0,0.4791,0,0.4791,0,0.8778,0,0,1,0,0,0.2643,0.1466,0.0108,1]},
{"frame":10,"values":[-0.7641,0,0.645,0,0.645,0,0.7641,0,0,1,0,0,0.2643,0.1466,0.0108,1]},
{"frame":11,"values":[-0.5161,0,0.8565,0,0.8565,0,0.5161,0,0,1,0,0,0.2643,0.1466,0.0108,1]},
{"frame":12,"values":[-0.1586,0,0.9873,0,0.9873,0,0.1586,0,0,1,0,0,0.2643,0.1466,0.0108,1]},
{"frame":13,"values":[0.1674,0,0.9859,0,0.9859,0,-0.1674,0,0,1,0,0,0.2643,0.1466,0.0108,1]},
{"frame":14,"values":[0.3613,0,0.9325,0,0.9325,0,-0.3613,0,0,1,0,0,0.2643,0.1466,0.0108,1]},
{"frame":15,"values":[0.4211,0,0.907,0,0.907,0,-0.4211,0,0,1,0,0,0.2643,0.1466,0.0108,1]},
{"frame":16,"values":[0.3756,0,0.9268,0,0.9268,0,-0.3756,0,0,1,0,0,0.2643,0.1466,0.0108,1]},
{"frame":17,"values":[0.2294,0,0.9733,0,0.9733,0,-0.2294,0,0,1,0,0,0.2643,0.1466,0.0108,1]},
{"frame":18,"values":[-0.0246,0,0.9997,0,0.9997,0,0.0246,0,0,1,0,0,0.2643,0.1466,0.0108,1]},
{"frame":19,"values":[-0.3436,0,0.9391,0,0.9391,0,0.3436,0,0,1,0,0,0.2643,0.1466,0.0108,1]},
{"frame":20,"values":[-0.6264,0,0.7795,0,0.7795,0,0.6264,0,0,1,0,0,0.2643,0.1466,0.0108,1]},
{"frame":21,"values":[-0.8034,0,0.5954,0,0.5954,0,0.8034,0,0,1,0,0,0.2643,0.1466,0.0108,1]},
{"frame":22,"values":[-0.8851,0,0.4655,0,0.4655,0,0.8851,0,0,1,0,0,0.2643,0.1466,0.0108,1]},
{"frame":23,"values":[-0.907,0,0.4211,0,0.4211,0,0.907,0,0,1,0,0,0.2643,0.1466,0.0108,1]},
{"frame":24,"values":[-0.8778,0,0.4791,0,0.4791,0,0.8778,0,0,1,0,0,0.2643,0.1466,0.0108,1]},
{"frame":25,"values":[-0.7641,0,0.645,0,0.645,0,0.7641,0,0,1,0,0,0.2643,0.1466,0.0108,1]},
{"frame":26,"values":[-0.5161,0,0.8565,0,0.8565,0,0.5161,0,0,1,0,0,0.2643,0.1466,0.0108,1]},
{"frame":27,"values":[-0.1586,0,0.9873,0,0.9873,0,0.1586,0,0,1,0,0,0.2643,0.1466,0.0108,1]},
{"frame":28,"values":[0.1674,0,0.9859,0,0.9859,0,-0.1674,0,0,1,0,0,0.2643,0.1466,0.0108,1]},
{"frame":29,"values":[0.3613,0,0.9325,0,0.9325,0,-0.3613,0,0,1,0,0,0.2643,0.1466,0.0108,1]},
{"frame":30,"values":[0.4211,0,0.907,0,0.907,0,-0.4211,0,0,1,0,0,0.2643,0.1466,0.0108,1]},
{"frame":31,"values":[0.3613,0,0.9325,0,0.9325,0,-0.3613,0,0,1,0,0,0.2643,0.1466,0.0108,1]},
{"frame":32,"values":[0.1674,0,0.9859,0,0.9859,0,-0.1674,0,0,1,0,0,0.2643,0.1466,0.0108,1]},
{"frame":33,"values":[-0.1586,0,0.9873,0,0.9873,0,0.1586,0,0,1,0,0,0.2643,0.1466,0.0108,1]},
{"frame":34,"values":[-0.5161,0,0.8565,0,0.8565,0,0.5161,0,0,1,0,0,0.2643,0.1466,0.0108,1]},
{"frame":35,"values":[-0.7641,0,0.645,0,0.645,0,0.7641,0,0,1,0,0,0.2643,0.1466,0.0108,1]},
{"frame":36,"values":[-0.8778,0,0.4791,0,0.4791,0,0.8778,0,0,1,0,0,0.2643,0.1466,0.0108,1]},
{"frame":37,"values":[-0.907,0,0.4211,0,0.4211,0,0.907,0,0,1,0,0,0.2643,0.1466,0.0108,1]},
{"frame":38,"values":[-0.8851,0,0.4655,0,0.4655,0,0.8851,0,0,1,0,0,0.2643,0.1466,0.0108,1]},
{"frame":39,"values":[-0.8034,0,0.5954,0,0.5954,0,0.8034,0,0,1,0,0,0.2643,0.1466,0.0108,1]},
{"frame":40,"values":[-0.6264,0,0.7795,0,0.7795,0,0.6264,0,0,1,0,0,0.2643,0.1466,0.0108,1]},
{"frame":41,"values":[-0.3436,0,0.9391,0,0.9391,0,0.3436,0,0,1,0,0,0.2643,0.1466,0.0108,1]},
{"frame":42,"values":[-0.0246,0,0.9997,0,0.9997,0,0.0246,0,0,1,0,0,0.2643,0.1466,0.0108,1]},
{"frame":43,"values":[0.2294,0,0.9733,0,0.9733,0,-0.2294,0,0,1,0,0,0.2643,0.1466,0.0108,1]},
{"frame":44,"values":[0.3756,0,0.9268,0,0.9268,0,-0.3756,0,0,1,0,0,0.2643,0.1466,0.0108,1]},
{"frame":45,"values":[0.4211,0,0.907,0,0.907,0,-0.4211,0,0,1,0,0,0.2643,0.1466,0.0108,1]},
{"frame":46,"values":[0.3613,0,0.9325,0,0.9325,0,-0.3613,0,0,1,0,0,0.2643,0.1466,0.0108,1]},
{"frame":47,"values":[0.1674,0,0.9859,0,0.9859,0,-0.1674,0,0,1,0,0,0.2643,0.1466,0.0108,1]},
{"frame":48,"values":[-0.1586,0,0.9873,0,0.9873,0,0.1586,0,0,1,0,0,0.2643,0.1466,0.0108,1]},
{"frame":49,"values":[-0.5161,0,0.8565,0,0.8565,0,0.5161,0,0,1,0,0,0.2643,0.1466,0.0108,1]},
{"frame":50,"values":[-0.7641,0,0.645,0,0.645,0,0.7641,0,0,1,0,0,0.2643,0.1466,0.0108,1]},
{"frame":51,"values":[-0.8778,0,0.4791,0,0.4791,0,0.8778,0,0,1,0,0,0.2643,0.1466,0.0108,1]},
{"frame":52,"values":[-0.907,0,0.4211,0,0.4211,0,0.907,0,0,1,0,0,0.2643,0.1466,0.0108,1]},
{"frame":53,"values":[-0.8851,0,0.4655,0,0.4655,0,0.8851,0,0,1,0,0,0.2643,0.1466,0.0108,1]},
{"frame":54,"values":[-0.8034,0,0.5954,0,0.5954,0,0.8034,0,0,1,0,0,0.2643,0.1466,0.0108,1]},
{"frame":55,"values":[-0.6264,0,0.7795,0,0.7795,0,0.6264,0,0,1,0,0,0.2643,0.1466,0.0108,1]},
{"frame":56,"values":[-0.3436,0,0.9391,0,0.9391,0,0.3436,0,0,1,0,0,0.2643,0.1466,0.0108,1]},
{"frame":57,"values":[-0.0246,0,0.9997,0,0.9997,0,0.0246,0,0,1,0,0,0.2643,0.1466,0.0108,1]},
{"frame":58,"values":[0.2294,0,0.9733,0,0.9733,0,-0.2294,0,0,1,0,0,0.2643,0.1466,0.0108,1]},
{"frame":59,"values":[0.3756,0,0.9268,0,0.9268,0,-0.3756,0,0,1,0,0,0.2643,0.1466,0.0108,1]},
{"frame":60,"values":[0.4211,0,0.907,0,0.907,0,-0.4211,0,0,1,0,0,0.2643,0.1466,0.0108,1]}],"loopBehavior":1,"name":"anim","property":"_matrix"}},
{"name":"Bone.006","index":3,"matrix":[-0.8034,0,-0.5954,0,-0.5954,0,0.8034,0,0,1,0,0,-0.2643,0.1466,0.0108,1],"rest":[-0.3436,0,-0.9391,0,-0.9391,0,0.3436,0,0,1,0,0,-0.2643,0.1466,0.0108,1],"parentBoneIndex":0,"length":0.2358
,"animation":{"dataType":3,"framePerSecond":24,"keys":[
{"frame":1,"values":[0.4211,0,-0.907,0,-0.907,0,-0.4211,0,0,1,0,0,-0.2643,0.1466,0.0108,1]},
{"frame":2,"values":[0.3613,0,-0.9325,0,-0.9325,0,-0.3613,0,0,1,0,0,-0.2643,0.1466,0.0108,1]},
{"frame":3,"values":[0.1674,0,-0.9859,0,-0.9859,0,-0.1674,0,0,1,0,0,-0.2643,0.1466,0.0108,1]},
{"frame":4,"values":[-0.1586,0,-0.9873,0,-0.9873,0,0.1586,0,0,1,0,0,-0.2643,0.1466,0.0108,1]},
{"frame":5,"values":[-0.5161,0,-0.8565,0,-0.8565,0,0.5161,0,0,1,0,0,-0.2643,0.1466,0.0108,1]},
{"frame":6,"values":[-0.7642,0,-0.645,0,-0.645,0,0.7642,0,0,1,0,0,-0.2643,0.1466,0.0108,1]},
{"frame":7,"values":[-0.8778,0,-0.4791,0,-0.4791,0,0.8778,0,0,1,0,0,-0.2643,0.1466,0.0108,1]},
{"frame":8,"values":[-0.907,0,-0.4211,0,-0.4211,0,0.907,0,0,1,0,0,-0.2643,0.1466,0.0108,1]},
{"frame":9,"values":[-0.8778,0,-0.4791,0,-0.4791,0,0.8778,0,0,1,0,0,-0.2643,0.1466,0.0108,1]},
{"frame":10,"values":[-0.7642,0,-0.645,0,-0.645,0,0.7642,0,0,1,0,0,-0.2643,0.1466,0.0108,1]},
{"frame":11,"values":[-0.5161,0,-0.8565,0,-0.8565,0,0.5161,0,0,1,0,0,-0.2643,0.1466,0.0108,1]},
{"frame":12,"values":[-0.1586,0,-0.9873,0,-0.9873,0,0.1586,0,0,1,0,0,-0.2643,0.1466,0.0108,1]},
{"frame":13,"values":[0.1674,0,-0.9859,0,-0.9859,0,-0.1674,0,0,1,0,0,-0.2643,0.1466,0.0108,1]},
{"frame":14,"values":[0.3613,0,-0.9325,0,-0.9325,0,-0.3613,0,0,1,0,0,-0.2643,0.1466,0.0108,1]},
{"frame":15,"values":[0.4211,0,-0.907,0,-0.907,0,-0.4211,0,0,1,0,0,-0.2643,0.1466,0.0108,1]},
{"frame":16,"values":[0.3756,0,-0.9268,0,-0.9268,0,-0.3756,0,0,1,0,0,-0.2643,0.1466,0.0108,1]},
{"frame":17,"values":[0.2294,0,-0.9733,0,-0.9733,0,-0.2294,0,0,1,0,0,-0.2643,0.1466,0.0108,1]},
{"frame":18,"values":[-0.0246,0,-0.9997,0,-0.9997,0,0.0246,0,0,1,0,0,-0.2643,0.1466,0.0108,1]},
{"frame":19,"values":[-0.3436,0,-0.9391,0,-0.9391,0,0.3436,0,0,1,0,0,-0.2643,0.1466,0.0108,1]},
{"frame":20,"values":[-0.6264,0,-0.7795,0,-0.7795,0,0.6264,0,0,1,0,0,-0.2643,0.1466,0.0108,1]},
{"frame":21,"values":[-0.8034,0,-0.5954,0,-0.5954,0,0.8034,0,0,1,0,0,-0.2643,0.1466,0.0108,1]},
{"frame":22,"values":[-0.8851,0,-0.4655,0,-0.4655,0,0.8851,0,0,1,0,0,-0.2643,0.1466,0.0108,1]},
{"frame":23,"values":[-0.907,0,-0.4211,0,-0.4211,0,0.907,0,0,1,0,0,-0.2643,0.1466,0.0108,1]},
{"frame":24,"values":[-0.8778,0,-0.4791,0,-0.4791,0,0.8778,0,0,1,0,0,-0.2643,0.1466,0.0108,1]},
{"frame":25,"values":[-0.7642,0,-0.645,0,-0.645,0,0.7642,0,0,1,0,0,-0.2643,0.1466,0.0108,1]},
{"frame":26,"values":[-0.5161,0,-0.8565,0,-0.8565,0,0.5161,0,0,1,0,0,-0.2643,0.1466,0.0108,1]},
{"frame":27,"values":[-0.1586,0,-0.9873,0,-0.9873,0,0.1586,0,0,1,0,0,-0.2643,0.1466,0.0108,1]},
{"frame":28,"values":[0.1674,0,-0.9859,0,-0.9859,0,-0.1674,0,0,1,0,0,-0.2643,0.1466,0.0108,1]},
{"frame":29,"values":[0.3613,0,-0.9325,0,-0.9325,0,-0.3613,0,0,1,0,0,-0.2643,0.1466,0.0108,1]},
{"frame":30,"values":[0.4211,0,-0.907,0,-0.907,0,-0.4211,0,0,1,0,0,-0.2643,0.1466,0.0108,1]},
{"frame":31,"values":[0.3613,0,-0.9325,0,-0.9325,0,-0.3613,0,0,1,0,0,-0.2643,0.1466,0.0108,1]},
{"frame":32,"values":[0.1674,0,-0.9859,0,-0.9859,0,-0.1674,0,0,1,0,0,-0.2643,0.1466,0.0108,1]},
{"frame":33,"values":[-0.1586,0,-0.9873,0,-0.9873,0,0.1586,0,0,1,0,0,-0.2643,0.1466,0.0108,1]},
{"frame":34,"values":[-0.5161,0,-0.8565,0,-0.8565,0,0.5161,0,0,1,0,0,-0.2643,0.1466,0.0108,1]},
{"frame":35,"values":[-0.7642,0,-0.645,0,-0.645,0,0.7642,0,0,1,0,0,-0.2643,0.1466,0.0108,1]},
{"frame":36,"values":[-0.8778,0,-0.4791,0,-0.4791,0,0.8778,0,0,1,0,0,-0.2643,0.1466,0.0108,1]},
{"frame":37,"values":[-0.907,0,-0.4211,0,-0.4211,0,0.907,0,0,1,0,0,-0.2643,0.1466,0.0108,1]},
{"frame":38,"values":[-0.8851,0,-0.4655,0,-0.4655,0,0.8851,0,0,1,0,0,-0.2643,0.1466,0.0108,1]},
{"frame":39,"values":[-0.8034,0,-0.5954,0,-0.5954,0,0.8034,0,0,1,0,0,-0.2643,0.1466,0.0108,1]},
{"frame":40,"values":[-0.6264,0,-0.7795,0,-0.7795,0,0.6264,0,0,1,0,0,-0.2643,0.1466,0.0108,1]},
{"frame":41,"values":[-0.3436,0,-0.9391,0,-0.9391,0,0.3436,0,0,1,0,0,-0.2643,0.1466,0.0108,1]},
{"frame":42,"values":[-0.0246,0,-0.9997,0,-0.9997,0,0.0246,0,0,1,0,0,-0.2643,0.1466,0.0108,1]},
{"frame":43,"values":[0.2294,0,-0.9733,0,-0.9733,0,-0.2294,0,0,1,0,0,-0.2643,0.1466,0.0108,1]},
{"frame":44,"values":[0.3756,0,-0.9268,0,-0.9268,0,-0.3756,0,0,1,0,0,-0.2643,0.1466,0.0108,1]},
{"frame":45,"values":[0.4211,0,-0.907,0,-0.907,0,-0.4211,0,0,1,0,0,-0.2643,0.1466,0.0108,1]},
{"frame":46,"values":[0.3613,0,-0.9325,0,-0.9325,0,-0.3613,0,0,1,0,0,-0.2643,0.1466,0.0108,1]},
{"frame":47,"values":[0.1674,0,-0.9859,0,-0.9859,0,-0.1674,0,0,1,0,0,-0.2643,0.1466,0.0108,1]},
{"frame":48,"values":[-0.1586,0,-0.9873,0,-0.9873,0,0.1586,0,0,1,0,0,-0.2643,0.1466,0.0108,1]},
{"frame":49,"values":[-0.5161,0,-0.8565,0,-0.8565,0,0.5161,0,0,1,0,0,-0.2643,0.1466,0.0108,1]},
{"frame":50,"values":[-0.7642,0,-0.645,0,-0.645,0,0.7642,0,0,1,0,0,-0.2643,0.1466,0.0108,1]},
{"frame":51,"values":[-0.8778,0,-0.4791,0,-0.4791,0,0.8778,0,0,1,0,0,-0.2643,0.1466,0.0108,1]},
{"frame":52,"values":[-0.907,0,-0.4211,0,-0.4211,0,0.907,0,0,1,0,0,-0.2643,0.1466,0.0108,1]},
{"frame":53,"values":[-0.8851,0,-0.4655,0,-0.4655,0,0.8851,0,0,1,0,0,-0.2643,0.1466,0.0108,1]},
{"frame":54,"values":[-0.8034,0,-0.5954,0,-0.5954,0,0.8034,0,0,1,0,0,-0.2643,0.1466,0.0108,1]},
{"frame":55,"values":[-0.6264,0,-0.7795,0,-0.7795,0,0.6264,0,0,1,0,0,-0.2643,0.1466,0.0108,1]},
{"frame":56,"values":[-0.3436,0,-0.9391,0,-0.9391,0,0.3436,0,0,1,0,0,-0.2643,0.1466,0.0108,1]},
{"frame":57,"values":[-0.0246,0,-0.9997,0,-0.9997,0,0.0246,0,0,1,0,0,-0.2643,0.1466,0.0108,1]},
{"frame":58,"values":[0.2294,0,-0.9733,0,-0.9733,0,-0.2294,0,0,1,0,0,-0.2643,0.1466,0.0108,1]},
{"frame":59,"values":[0.3756,0,-0.9268,0,-0.9268,0,-0.3756,0,0,1,0,0,-0.2643,0.1466,0.0108,1]},
{"frame":60,"values":[0.4211,0,-0.907,0,-0.907,0,-0.4211,0,0,1,0,0,-0.2643,0.1466,0.0108,1]}],"loopBehavior":1,"name":"anim","property":"_matrix"}},
{"name":"Bone.002","index":4,"matrix":[-1,0,0,0,0,0,1,0,0,1,0,0,0,0.25,0,1],"rest":[-1,0,0,0,0,0,1,0,0,1,0,0,0,0.25,0,1],"parentBoneIndex":0,"length":0.5
,"animation":{"dataType":3,"framePerSecond":24,"keys":[
{"frame":1,"values":[-1,0,0,0,0,0,1,0,0,1,0,0,0,0.25,0,1]},
{"frame":60,"values":[-1,0,0,0,0,0,1,0,0,1,0,0,0,0.25,0,1]}],"loopBehavior":1,"name":"anim","property":"_matrix"}},
{"name":"Bone.003","index":5,"matrix":[0.9963,-0.086,0,0,0.086,0.9963,0,0,0,0,1,0,0,0.5,0,1],"rest":[1,0,0,0,0,1,0,0,0,0,1,0,0,0.5,0,1],"parentBoneIndex":4,"length":0.5
,"animation":{"dataType":3,"framePerSecond":24,"keys":[
{"frame":1,"values":[0.9945,-0.1045,0,0,0.1045,0.9945,0,0,0,0,1,0,0,0.5,0,1]},
{"frame":2,"values":[0.9946,-0.104,0,0,0.104,0.9946,0,0,0,0,1,0,0,0.5,0,1]},
{"frame":3,"values":[0.9947,-0.1023,0,0,0.1023,0.9947,0,0,0,0,1,0,0,0.5,0,1]},
{"frame":4,"values":[0.995,-0.0996,0,0,0.0996,0.995,0,0,0,0,1,0,0,0.5,0,1]},
{"frame":5,"values":[0.9954,-0.0957,0,0,0.0957,0.9954,0,0,0,0,1,0,0,0.5,0,1]},
{"frame":6,"values":[0.9959,-0.0908,0,0,0.0908,0.9959,0,0,0,0,1,0,0,0.5,0,1]},
{"frame":7,"values":[0.9964,-0.0847,0,0,0.0847,0.9964,0,0,0,0,1,0,0,0.5,0,1]},
{"frame":8,"values":[0.997,-0.0776,0,0,0.0776,0.997,0,0,0,0,1,0,0,0.5,0,1]},
{"frame":9,"values":[0.9976,-0.0696,0,0,0.0696,0.9976,0,0,0,0,1,0,0,0.5,0,1]},
{"frame":10,"values":[0.9982,-0.0606,0,0,0.0606,0.9982,0,0,0,0,1,0,0,0.5,0,1]},
{"frame":11,"values":[0.9987,-0.0508,0,0,0.0508,0.9987,0,0,0,0,1,0,0,0.5,0,1]},
{"frame":12,"values":[0.9992,-0.0403,0,0,0.0403,0.9992,0,0,0,0,1,0,0,0.5,0,1]},
{"frame":13,"values":[0.9996,-0.0292,0,0,0.0292,0.9996,0,0,0,0,1,0,0,0.5,0,1]},
{"frame":14,"values":[0.9998,-0.0177,0,0,0.0177,0.9998,0,0,0,0,1,0,0,0.5,0,1]},
{"frame":15,"values":[1,-0.0059,0,0,0.0059,1,0,0,0,0,1,0,0,0.5,0,1]},
{"frame":16,"values":[1,0.0059,0,0,-0.0059,1,0,0,0,0,1,0,0,0.5,0,1]},
{"frame":17,"values":[0.9998,0.0177,0,0,-0.0177,0.9998,0,0,0,0,1,0,0,0.5,0,1]},
{"frame":18,"values":[0.9996,0.0292,0,0,-0.0292,0.9996,0,0,0,0,1,0,0,0.5,0,1]},
{"frame":19,"values":[0.9992,0.0403,0,0,-0.0403,0.9992,0,0,0,0,1,0,0,0.5,0,1]},
{"frame":20,"values":[0.9987,0.0508,0,0,-0.0508,0.9987,0,0,0,0,1,0,0,0.5,0,1]},
{"frame":21,"values":[0.9982,0.0606,0,0,-0.0606,0.9982,0,0,0,0,1,0,0,0.5,0,1]},
{"frame":22,"values":[0.9976,0.0696,0,0,-0.0696,0.9976,0,0,0,0,1,0,0,0.5,0,1]},
{"frame":23,"values":[0.997,0.0776,0,0,-0.0776,0.997,0,0,0,0,1,0,0,0.5,0,1]},
{"frame":24,"values":[0.9964,0.0847,0,0,-0.0847,0.9964,0,0,0,0,1,0,0,0.5,0,1]},
{"frame":25,"values":[0.9959,0.0908,0,0,-0.0908,0.9959,0,0,0,0,1,0,0,0.5,0,1]},
{"frame":26,"values":[0.9954,0.0957,0,0,-0.0957,0.9954,0,0,0,0,1,0,0,0.5,0,1]},
{"frame":27,"values":[0.995,0.0996,0,0,-0.0996,0.995,0,0,0,0,1,0,0,0.5,0,1]},
{"frame":28,"values":[0.9947,0.1023,0,0,-0.1023,0.9947,0,0,0,0,1,0,0,0.5,0,1]},
{"frame":29,"values":[0.9946,0.104,0,0,-0.104,0.9946,0,0,0,0,1,0,0,0.5,0,1]},
{"frame":30,"values":[0.9945,0.1045,0,0,-0.1045,0.9945,0,0,0,0,1,0,0,0.5,0,1]},
{"frame":31,"values":[0.9946,0.104,0,0,-0.104,0.9946,0,0,0,0,1,0,0,0.5,0,1]},
{"frame":32,"values":[0.9947,0.1025,0,0,-0.1025,0.9947,0,0,0,0,1,0,0,0.5,0,1]},
{"frame":33,"values":[0.995,0.0999,0,0,-0.0999,0.995,0,0,0,0,1,0,0,0.5,0,1]},
{"frame":34,"values":[0.9954,0.0963,0,0,-0.0963,0.9954,0,0,0,0,1,0,0,0.5,0,1]},
{"frame":35,"values":[0.9958,0.0917,0,0,-0.0917,0.9958,0,0,0,0,1,0,0,0.5,0,1]},
{"frame":36,"values":[0.9963,0.086,0,0,-0.086,0.9963,0,0,0,0,1,0,0,0.5,0,1]},
{"frame":37,"values":[0.9968,0.0794,0,0,-0.0794,0.9968,0,0,0,0,1,0,0,0.5,0,1]},
{"frame":38,"values":[0.9974,0.0718,0,0,-0.0718,0.9974,0,0,0,0,1,0,0,0.5,0,1]},
{"frame":39,"values":[0.998,0.0634,0,0,-0.0634,0.998,0,0,0,0,1,0,0,0.5,0,1]},
{"frame":40,"values":[0.9985,0.0541,0,0,-0.0541,0.9985,0,0,0,0,1,0,0,0.5,0,1]},
{"frame":41,"values":[0.999,0.0442,0,0,-0.0442,0.999,0,0,0,0,1,0,0,0.5,0,1]},
{"frame":42,"values":[0.9994,0.0337,0,0,-0.0337,0.9994,0,0,0,0,1,0,0,0.5,0,1]},
{"frame":43,"values":[0.9997,0.0227,0,0,-0.0227,0.9997,0,0,0,0,1,0,0,0.5,0,1]},
{"frame":44,"values":[0.9999,0.0114,0,0,-0.0114,0.9999,0,0,0,0,1,0,0,0.5,0,1]},
{"frame":45,"values":[1,0,0,0,0,1,0,0,0,0,1,0,0,0.5,0,1]},
{"frame":46,"values":[0.9999,-0.0114,0,0,0.0114,0.9999,0,0,0,0,1,0,0,0.5,0,1]},
{"frame":47,"values":[0.9997,-0.0227,0,0,0.0227,0.9997,0,0,0,0,1,0,0,0.5,0,1]},
{"frame":48,"values":[0.9994,-0.0337,0,0,0.0337,0.9994,0,0,0,0,1,0,0,0.5,0,1]},
{"frame":49,"values":[0.999,-0.0442,0,0,0.0442,0.999,0,0,0,0,1,0,0,0.5,0,1]},
{"frame":50,"values":[0.9985,-0.0541,0,0,0.0541,0.9985,0,0,0,0,1,0,0,0.5,0,1]},
{"frame":51,"values":[0.998,-0.0634,0,0,0.0634,0.998,0,0,0,0,1,0,0,0.5,0,1]},
{"frame":52,"values":[0.9974,-0.0718,0,0,0.0718,0.9974,0,0,0,0,1,0,0,0.5,0,1]},
{"frame":53,"values":[0.9968,-0.0794,0,0,0.0794,0.9968,0,0,0,0,1,0,0,0.5,0,1]},
{"frame":54,"values":[0.9963,-0.086,0,0,0.086,0.9963,0,0,0,0,1,0,0,0.5,0,1]},
{"frame":55,"values":[0.9958,-0.0917,0,0,0.0917,0.9958,0,0,0,0,1,0,0,0.5,0,1]},
{"frame":56,"values":[0.9954,-0.0963,0,0,0.0963,0.9954,0,0,0,0,1,0,0,0.5,0,1]},
{"frame":57,"values":[0.995,-0.0999,0,0,0.0999,0.995,0,0,0,0,1,0,0,0.5,0,1]},
{"frame":58,"values":[0.9947,-0.1025,0,0,0.1025,0.9947,0,0,0,0,1,0,0,0.5,0,1]},
{"frame":59,"values":[0.9946,-0.104,0,0,0.104,0.9946,0,0,0,0,1,0,0,0.5,0,1]},
{"frame":60,"values":[0.9945,-0.1045,0,0,0.1045,0.9945,0,0,0,0,1,0,0,0.5,0,1]}],"loopBehavior":1,"name":"anim","property":"_matrix"}},
{"name":"Bone.004","index":6,"matrix":[0.9963,-0.086,0,0,0.086,0.9963,0,0,0,0,1,0,0,0.5,0,1],"rest":[1,0,0,0,0,1,0,0,0,0,1,0,0,0.5,0,1],"parentBoneIndex":5,"length":0.5
,"animation":{"dataType":3,"framePerSecond":24,"keys":[
{"frame":1,"values":[0.9945,-0.1045,0,0,0.1045,0.9945,0,0,0,0,1,0,0,0.5,0,1]},
{"frame":2,"values":[0.9946,-0.104,0,0,0.104,0.9946,0,0,0,0,1,0,0,0.5,0,1]},
{"frame":3,"values":[0.9947,-0.1023,0,0,0.1023,0.9947,0,0,0,0,1,0,0,0.5,0,1]},
{"frame":4,"values":[0.995,-0.0996,0,0,0.0996,0.995,0,0,0,0,1,0,0,0.5,0,1]},
{"frame":5,"values":[0.9954,-0.0957,0,0,0.0957,0.9954,0,0,0,0,1,0,0,0.5,0,1]},
{"frame":6,"values":[0.9959,-0.0908,0,0,0.0908,0.9959,0,0,0,0,1,0,0,0.5,0,1]},
{"frame":7,"values":[0.9964,-0.0847,0,0,0.0847,0.9964,0,0,0,0,1,0,0,0.5,0,1]},
{"frame":8,"values":[0.997,-0.0776,0,0,0.0776,0.997,0,0,0,0,1,0,0,0.5,0,1]},
{"frame":9,"values":[0.9976,-0.0696,0,0,0.0696,0.9976,0,0,0,0,1,0,0,0.5,0,1]},
{"frame":10,"values":[0.9982,-0.0606,0,0,0.0606,0.9982,0,0,0,0,1,0,0,0.5,0,1]},
{"frame":11,"values":[0.9987,-0.0508,0,0,0.0508,0.9987,0,0,0,0,1,0,0,0.5,0,1]},
{"frame":12,"values":[0.9992,-0.0403,0,0,0.0403,0.9992,0,0,0,0,1,0,0,0.5,0,1]},
{"frame":13,"values":[0.9996,-0.0292,0,0,0.0292,0.9996,0,0,0,0,1,0,0,0.5,0,1]},
{"frame":14,"values":[0.9998,-0.0177,0,0,0.0177,0.9998,0,0,0,0,1,0,0,0.5,0,1]},
{"frame":15,"values":[1,-0.0059,0,0,0.0059,1,0,0,0,0,1,0,0,0.5,0,1]},
{"frame":16,"values":[1,0.0059,0,0,-0.0059,1,0,0,0,0,1,0,0,0.5,0,1]},
{"frame":17,"values":[0.9998,0.0177,0,0,-0.0177,0.9998,0,0,0,0,1,0,0,0.5,0,1]},
{"frame":18,"values":[0.9996,0.0292,0,0,-0.0292,0.9996,0,0,0,0,1,0,0,0.5,0,1]},
{"frame":19,"values":[0.9992,0.0403,0,0,-0.0403,0.9992,0,0,0,0,1,0,0,0.5,0,1]},
{"frame":20,"values":[0.9987,0.0508,0,0,-0.0508,0.9987,0,0,0,0,1,0,0,0.5,0,1]},
{"frame":21,"values":[0.9982,0.0606,0,0,-0.0606,0.9982,0,0,0,0,1,0,0,0.5,0,1]},
{"frame":22,"values":[0.9976,0.0696,0,0,-0.0696,0.9976,0,0,0,0,1,0,0,0.5,0,1]},
{"frame":23,"values":[0.997,0.0776,0,0,-0.0776,0.997,0,0,0,0,1,0,0,0.5,0,1]},
{"frame":24,"values":[0.9964,0.0847,0,0,-0.0847,0.9964,0,0,0,0,1,0,0,0.5,0,1]},
{"frame":25,"values":[0.9959,0.0908,0,0,-0.0908,0.9959,0,0,0,0,1,0,0,0.5,0,1]},
{"frame":26,"values":[0.9954,0.0957,0,0,-0.0957,0.9954,0,0,0,0,1,0,0,0.5,0,1]},
{"frame":27,"values":[0.995,0.0996,0,0,-0.0996,0.995,0,0,0,0,1,0,0,0.5,0,1]},
{"frame":28,"values":[0.9947,0.1023,0,0,-0.1023,0.9947,0,0,0,0,1,0,0,0.5,0,1]},
{"frame":29,"values":[0.9946,0.104,0,0,-0.104,0.9946,0,0,0,0,1,0,0,0.5,0,1]},
{"frame":30,"values":[0.9945,0.1045,0,0,-0.1045,0.9945,0,0,0,0,1,0,0,0.5,0,1]},
{"frame":31,"values":[0.9946,0.104,0,0,-0.104,0.9946,0,0,0,0,1,0,0,0.5,0,1]},
{"frame":32,"values":[0.9947,0.1025,0,0,-0.1025,0.9947,0,0,0,0,1,0,0,0.5,0,1]},
{"frame":33,"values":[0.995,0.0999,0,0,-0.0999,0.995,0,0,0,0,1,0,0,0.5,0,1]},
{"frame":34,"values":[0.9954,0.0963,0,0,-0.0963,0.9954,0,0,0,0,1,0,0,0.5,0,1]},
{"frame":35,"values":[0.9958,0.0917,0,0,-0.0917,0.9958,0,0,0,0,1,0,0,0.5,0,1]},
{"frame":36,"values":[0.9963,0.086,0,0,-0.086,0.9963,0,0,0,0,1,0,0,0.5,0,1]},
{"frame":37,"values":[0.9968,0.0794,0,0,-0.0794,0.9968,0,0,0,0,1,0,0,0.5,0,1]},
{"frame":38,"values":[0.9974,0.0718,0,0,-0.0718,0.9974,0,0,0,0,1,0,0,0.5,0,1]},
{"frame":39,"values":[0.998,0.0634,0,0,-0.0634,0.998,0,0,0,0,1,0,0,0.5,0,1]},
{"frame":40,"values":[0.9985,0.0541,0,0,-0.0541,0.9985,0,0,0,0,1,0,0,0.5,0,1]},
{"frame":41,"values":[0.999,0.0442,0,0,-0.0442,0.999,0,0,0,0,1,0,0,0.5,0,1]},
{"frame":42,"values":[0.9994,0.0337,0,0,-0.0337,0.9994,0,0,0,0,1,0,0,0.5,0,1]},
{"frame":43,"values":[0.9997,0.0227,0,0,-0.0227,0.9997,0,0,0,0,1,0,0,0.5,0,1]},
{"frame":44,"values":[0.9999,0.0114,0,0,-0.0114,0.9999,0,0,0,0,1,0,0,0.5,0,1]},
{"frame":45,"values":[1,0,0,0,0,1,0,0,0,0,1,0,0,0.5,0,1]},
{"frame":46,"values":[0.9999,-0.0114,0,0,0.0114,0.9999,0,0,0,0,1,0,0,0.5,0,1]},
{"frame":47,"values":[0.9997,-0.0227,0,0,0.0227,0.9997,0,0,0,0,1,0,0,0.5,0,1]},
{"frame":48,"values":[0.9994,-0.0337,0,0,0.0337,0.9994,0,0,0,0,1,0,0,0.5,0,1]},
{"frame":49,"values":[0.999,-0.0442,0,0,0.0442,0.999,0,0,0,0,1,0,0,0.5,0,1]},
{"frame":50,"values":[0.9985,-0.0541,0,0,0.0541,0.9985,0,0,0,0,1,0,0,0.5,0,1]},
{"frame":51,"values":[0.998,-0.0634,0,0,0.0634,0.998,0,0,0,0,1,0,0,0.5,0,1]},
{"frame":52,"values":[0.9974,-0.0718,0,0,0.0718,0.9974,0,0,0,0,1,0,0,0.5,0,1]},
{"frame":53,"values":[0.9968,-0.0794,0,0,0.0794,0.9968,0,0,0,0,1,0,0,0.5,0,1]},
{"frame":54,"values":[0.9963,-0.086,0,0,0.086,0.9963,0,0,0,0,1,0,0,0.5,0,1]},
{"frame":55,"values":[0.9958,-0.0917,0,0,0.0917,0.9958,0,0,0,0,1,0,0,0.5,0,1]},
{"frame":56,"values":[0.9954,-0.0963,0,0,0.0963,0.9954,0,0,0,0,1,0,0,0.5,0,1]},
{"frame":57,"values":[0.995,-0.0999,0,0,0.0999,0.995,0,0,0,0,1,0,0,0.5,0,1]},
{"frame":58,"values":[0.9947,-0.1025,0,0,0.1025,0.9947,0,0,0,0,1,0,0,0.5,0,1]},
{"frame":59,"values":[0.9946,-0.104,0,0,0.104,0.9946,0,0,0,0,1,0,0,0.5,0,1]},
{"frame":60,"values":[0.9945,-0.1045,0,0,0.1045,0.9945,0,0,0,0,1,0,0,0.5,0,1]}],"loopBehavior":1,"name":"anim","property":"_matrix"}}]
,"ranges":[{"name":"CodArmatureAction","from":0,"to":60}]}],
"meshes":[{"name":"Cod","id":"Cod","billboardMode":0,"position":[0,0,0],"rotation":[0,0,0],"scaling":[1,1,1],"isVisible":true,"freezeWorldMatrix":false,"isEnabled":true,"checkCollisions":false,"receiveShadows":false,"tags":"","skeletonId":0,"numBoneInfluencers":6
,"positions":[0.2214,-0.0566,-0.249,0.1695,0.1605,-0.4482,0.181,-0.0189,-0.4938,0.1699,-0.1812,-0.4462,0.2227,-0.165,-0.2082,0.2504,-0.0936,-0.0996,0.2505,-0.0042,-0.0847,0.2219,0.0528,-0.2101,0.108,-0.2271,-0.0385,0.1856,-0.2041,-0.1533,0.1223,-0.2232,-0.1866,0.1052,-0.226,-0.3391,0.0651,-0.2641,-0.2116,0.0569,-0.2628,-0.1014,0.0482,0.111,0.3716,0.1181,0.0632,0.4026,0.0691,0.0519,0.4453
,0.0128,0.0519,0.4469,0.0104,0.111,0.3726,0.028,0.1474,0.3202,0.081,0.1233,0.3382,0.0774,-0.0512,0.5321,0.0149,-0.1525,0.5332,0.0151,-0.0512,0.5339,0.1317,-0.0457,0.4783,0.1247,-0.1233,0.4718,0.082,-0.1509,0.5335,0.1489,0.097,0.2794,0.1955,-0.0242,0.1565,0.1666,-0.0293,0.3221,0.1482,-0.1509,0.352,-0.0995,-0.0625,-1.3228,-0.0508,-0.0684,-1.2122,-0.0682,-0.0625,-1.3282
,-0.0446,-0.0469,-1.3321,-0.088,-0.0864,-1.4336,0.1041,-0.1008,-0.837,0.1163,-0.0038,-0.8377,0.1044,0.0942,-0.8371,0.0107,-0.0009,-1.1504,0.0894,-0.1882,-0.6197,0.0633,-0.1424,-0.8348,-0.0035,-0.1001,-1.0441,-0.016,-0.1308,-1.0024,0.0204,-0.1659,-0.8469,0.0392,-0.202,-0.6894,-0.0371,0,-1.3335,-0.0057,-0.0639,-1.1593,-0.0061,0.0629,-1.1594,-0.045,0.0469,-1.3321,-0.0593,0,-1.4566
,-0.0808,0,-1.5798,-0.0666,-0.0678,-1.4629,-0.0664,0.0698,-1.4682,-0.0841,0.0739,-1.5992,-0.1045,0,-1.6708,-0.0837,-0.0707,-1.585,-0.087,-0.158,-1.5303,-0.0923,-0.158,-1.6007,-0.1062,-0.0707,-1.6703,-0.1111,-0.158,-1.6688,-0.1172,-0.211,-1.6549,-0.1068,-0.2296,-1.6154,-0.1017,-0.211,-1.566,-0.0943,0.1707,-1.6574,-0.1079,0.0739,-1.6902,-0.0859,0.1707,-1.5637,-0.1036,0.2307,-1.6298
,-0.1121,0.2518,-1.7143,-0.118,0.1707,-1.7485,-0.1773,0.1707,-1.7699,-0.1364,0.0739,-1.717,-0.1465,0.1707,-1.7752,-0.1274,0.2307,-1.7666,-0.1513,0.2518,-1.8027,-0.127,-0.2535,-1.6176,-0.1397,-0.2296,-1.5541,-0.1157,-0.2296,-1.5583,-0.1344,-0.2296,-1.6661,-0.1585,-0.2296,-1.6619,-0.1501,-0.2535,-1.6136,-0.1032,-0.158,-1.5037,-0.1179,-0.0864,-1.4284,-0.1301,-0.158,-1.499,-0.0032,0.0991,-1.0442
,0.0633,0.1386,-0.8349,0.0888,0.1825,-0.6198,0.0382,0.2007,-0.6837,0.0212,0.1641,-0.8354,-0.0133,0.1286,-0.985,0.2783,0.0198,-0.0336,0.2535,0.0016,0.0169,0.2518,0.0283,-0.0345,0.262,-0.0141,-0.0542,0.3087,0.0249,-0.0757,0.3299,-0.0031,-0.0584,0.2955,-0.0071,-0.0118,0.2247,-0.2004,-0.0882,0.1812,-0.1829,0.096,0.2246,-0.1629,0.0318,0.2531,-0.2082,-0.0295,0.2512,-0.1812,-0.0807
,0.222,0.0912,-0.0897,0.1754,0.1656,0.1005,0.1822,0.1694,-0.1505,0.222,0.0567,0.0312,0.2239,-0.0526,0.0713,0.2546,-0.0863,0.0355,0.2648,-0.1964,-0.051,0.2821,-0.2232,-0.0298,0.299,-0.1894,-0.01,0.3336,-0.193,-0.0559,0.3137,-0.2283,-0.0723,0.3029,-0.0971,-0.0039,0.2547,-0.176,0.0204,0.3387,-0.0969,-0.0515,0.3541,0.0026,-0.1344,0.2887,-0.0104,-0.0921,0.336,-0.0265,-0.148
,0.3936,-0.0414,-0.185,0.3966,-0.0498,-0.1621,0.3734,-0.0204,-0.1201,0.2837,-0.1066,-0.0965,0.3315,-0.1058,-0.1516,0.3394,-0.183,-0.1459,0.3734,-0.1537,-0.1797,0.3789,-0.1041,-0.1962,0.3712,-0.0536,-0.1811,0.3767,-0.177,-0.118,0.3813,-0.0977,-0.1144,0.4112,-0.0994,-0.172,0.3989,-0.1498,-0.1607,0.3586,-0.2061,-0.1317,0.2924,-0.2004,-0.0896,0.3965,-0.1621,-0.1832,0.2578,-0.1064,-0.0597
,0.1046,0.2207,-0.3605,0.1202,0.2237,-0.1804,0.105,0.2354,-0.0051,0.056,0.28,-0.0551,0.0645,0.2695,-0.2008,-0.1353,-0.158,-1.6884,-0.1336,-0.0707,-1.6953,-0.1634,-0.0707,-1.6901,-0.1623,-0.158,-1.6837,-0.1191,0.2518,-1.6179,-0.1386,0.2788,-1.7297,-0.1694,0.2788,-1.7244,-0.1821,0.2518,-1.7973,-0.133,0,-1.6976,-0.1638,0,-1.6922,-0.051,0.0684,-1.2122,-0.0684,0.0625,-1.3282
,-0.0995,0.0625,-1.3228,-0.0882,0.0895,-1.4399,-0.1036,0.1707,-1.5289,-0.1189,0.0895,-1.4346,-0.1344,0.1707,-1.5236,0.0867,-0.2213,0.1274,0.0874,-0.2001,0.3517,0.0056,-0.2066,0.3447,0.4079,-0.1017,-0.2012,0.0213,0.2616,0.1191,0.0018,0.2422,0.1048,0.0322,0.2401,0.1065,0.0346,0.2517,0.1416,0.0197,0.2718,0.1492,0.0022,0.2616,0.1195,0.1019,0.1604,0.241,0.0445,0.1585,0.2937
,0.0547,0.1917,0.2151,0.0999,0.2016,0.1398,0.0604,0.2264,0.0939,0.0008,0.24,0.0613,0.0789,0.2275,0.0744,0.0529,0.2259,0.1357,0.0013,0.2348,0.0855,0.0199,0.2166,0.2775,0.0047,0.2516,0.2147,0.0194,0.2516,0.2144,0.003,0.2718,0.1495,0.0293,0.2595,0.1636,0.0311,0.2442,0.2131,0.028,0.2173,0.261,0.0207,0.1822,0.3008,0.0086,0.1474,0.3207,0.0077,0.1822,0.3011
,0.0313,0.1921,0.2778,0.0368,0.2219,0.2096,0.0213,0.3266,-0.0795,0.0321,0.2864,-0.0096,-0.0001,0.2884,-0.0117,-0.0002,0.3266,-0.0795,0.0199,0.3606,-0.1668,0.0375,0.3254,-0.1177,0.0598,0.2314,-0.4214,0.0005,0.2307,-0.4687,0.0768,0.2175,-0.4684,0.0566,0.2611,-0.3476,0.0326,0.2612,-0.3968,0.0009,0.2402,-0.4216,0.0605,0.2504,0.0408,0.0003,0.2587,0.032,0.0199,0.3776,-0.2692
,0.0006,0.3668,-0.353,0.0206,0.3668,-0.3531,0.0325,0.3532,-0.3281,0.0355,0.3637,-0.26,0.0318,0.3525,-0.1774,0.0003,0.3776,-0.2691,0.0221,0.3171,-0.3848,0.0009,0.2634,-0.3968,0.0383,0.3183,-0.3467,0.0007,0.3171,-0.3847,0.0434,0.3219,-0.2323,0.0086,0.2482,-0.6918,0.024,0.2159,-0.6322,-0.0054,0.2181,-0.6305,-0.0093,0.2482,-0.6904,0.0005,0.2723,-0.7564,0.017,0.2375,-0.7302
,-0.0586,0.0859,-1.1076,-0.0382,0.0859,-1.1106,-0.033,0.1167,-1.0336,0.0574,0.2089,-0.549,-0.0005,0.2177,-0.5475,-0.0107,0.2542,-0.8534,-0.0137,0.2094,-0.9239,-0.0007,0.2419,-0.8514,0.0071,0.2554,-0.7738,-0.0147,0.2723,-0.7551,-0.0228,0.2542,-0.8523,-0.0229,0.2116,-0.9444,-0.0389,0.1622,-0.9903,-0.0296,0.1622,-0.9913,-0.0161,0.1729,-0.9549,-0.0329,0.2116,-0.9433,0.0057,0.2052,-0.8432
,0.0164,-0.2369,-0.753,0.0012,-0.2089,-0.8895,-0.0255,-0.1809,-1.0248,-0.0091,-0.2483,-0.9325,0.0037,-0.2567,-0.8214,-0.0393,-0.0859,-1.1106,-0.0794,-0.0684,-1.2073,-0.0608,-0.0859,-1.1074,-0.0373,-0.1191,-1.053,0.0581,-0.2127,-0.5488,0.0004,-0.2337,-0.461,0.0769,-0.2234,-0.4605,0.0254,-0.2163,-0.6359,0.0003,-0.2196,-0.5475,-0.0205,-0.2615,-0.9461,-0.0172,-0.2716,-0.7968,-0.0022,-0.2716,-0.7981
,-0.0262,-0.2195,-1.0204,-0.0391,-0.2251,-1.0647,-0.0328,-0.2615,-0.9448,0.009,-0.2462,-0.7066,-0.0037,-0.218,-0.6343,-0.0086,-0.2462,-0.7053,-0.0413,-0.1715,-1.069,-0.0511,-0.1191,-1.0513,-0.052,-0.1715,-1.0678,-0.05,-0.2251,-1.0636,0.0382,-0.3421,-0.3559,0.0325,-0.2703,-0.3602,0.022,-0.345,-0.3909,0.0008,-0.272,-0.3603,0.0005,-0.345,-0.3908,0.0204,-0.4104,-0.398,0.0324,-0.3885,-0.3576
,0.0622,-0.237,-0.0004,0.0004,-0.231,0.1151,0.0326,-0.2645,-0.0675,0,-0.2435,-0.0087,0.0599,-0.2361,-0.3907,0.0009,-0.2431,-0.3912,0.0567,-0.267,-0.3229,0.0005,-0.4162,-0.2969,0.0202,-0.3804,-0.1727,0.02,-0.4162,-0.2969,0.0321,-0.3699,-0.1952,0.0356,-0.3954,-0.2854,0.0004,-0.4104,-0.3979,0.0216,-0.3211,-0.1106,0,-0.2662,-0.0696,0.0377,-0.3241,-0.1456,0.0001,-0.3211,-0.1106
,0.0435,-0.3331,-0.2508,-0.2174,-0.0566,-0.2455,-0.1686,0.1605,-0.4451,-0.2174,0.0528,-0.2068,-0.2505,-0.0042,-0.0847,-0.2504,-0.0936,-0.0996,-0.218,-0.165,-0.2046,-0.1688,-0.1812,-0.443,-0.1809,-0.0189,-0.4905,-0.1819,-0.2041,-0.1512,-0.108,-0.2271,-0.0385,-0.1201,-0.2232,-0.1857,-0.0569,-0.2628,-0.1014,-0.0639,-0.2641,-0.2113,-0.103,-0.226,-0.3377,-0.0279,0.111,0.3736,-0.095,0.0632,0.4086
,-0.0628,0.1233,0.3421,-0.0113,0.1474,0.3213,-0.0436,0.0519,0.4485,-0.0475,-0.0512,0.5356,-0.0526,-0.1509,0.5372,-0.0991,-0.1233,0.4778,-0.1051,-0.0457,0.4849,-0.1949,-0.0242,0.1572,-0.1398,0.097,0.2841,-0.1561,-0.0293,0.3273,-0.1367,-0.1509,0.3566,-0.1068,-0.0684,-1.2026,-0.1298,-0.0625,-1.3175,-0.1477,-0.0864,-1.4232,-0.1524,-0.0469,-1.3137,-0.1218,-0.1008,-0.8164,-0.1336,-0.0038,-0.815
,-0.1438,-0.0009,-1.1243,-0.1215,0.0942,-0.8167,-0.0929,-0.1882,-0.6124,-0.0909,-0.1424,-0.8205,-0.0536,-0.202,-0.683,-0.0606,-0.1659,-0.8393,-0.0651,-0.1308,-0.9966,-0.0913,-0.1001,-1.0315,-0.1603,0,-1.3123,-0.1309,-0.0639,-1.1383,-0.1825,0,-1.4352,-0.1527,0.0469,-1.3136,-0.1312,0.0629,-1.1381,-0.2039,0,-1.5584,-0.1778,-0.0678,-1.4435,-0.203,-0.0707,-1.5643,-0.2123,0,-1.6521
,-0.2073,0.0739,-1.5778,-0.1797,0.0698,-1.4485,-0.1813,-0.158,-1.5139,-0.2001,-0.158,-1.582,-0.1795,-0.211,-1.5524,-0.1914,-0.2296,-1.6006,-0.195,-0.211,-1.6414,-0.2054,-0.158,-1.6524,-0.2106,-0.0707,-1.6522,-0.2174,0.1707,-1.636,-0.2157,0.0739,-1.6715,-0.2258,0.1707,-1.7297,-0.2199,0.2518,-1.6956,-0.1993,0.2307,-1.6131,-0.1937,0.1707,-1.545,-0.1979,0.0739,-1.7063,-0.2081,0.1707,-1.7645
,-0.2128,0.2518,-1.792,-0.2231,0.2307,-1.7499,-0.1732,-0.2535,-1.6095,-0.1825,-0.2296,-1.6577,-0.1638,-0.2296,-1.5499,-0.1571,-0.158,-1.4943,-0.091,0.0991,-1.0314,-0.0909,0.1386,-0.8206,-0.0624,0.1286,-0.9791,-0.0598,0.1641,-0.8277,-0.0546,0.2007,-0.6772,-0.0935,0.1825,-0.6125,-0.2783,0.0198,-0.0336,-0.2535,0.0016,0.0169,-0.2955,-0.0071,-0.0118,-0.3299,-0.0031,-0.0584,-0.3087,0.0249,-0.0757
,-0.262,-0.0141,-0.0542,-0.2518,0.0283,-0.0345,-0.2208,-0.2004,-0.086,-0.2512,-0.1812,-0.0807,-0.2531,-0.2082,-0.0295,-0.2246,-0.1629,0.0321,-0.1811,-0.1829,0.0963,-0.2189,0.0912,-0.0875,-0.1749,0.1656,0.1015,-0.2218,0.0567,0.0322,-0.1792,0.1694,-0.1483,-0.2237,-0.0526,0.0721,-0.2546,-0.0863,0.0355,-0.2648,-0.1964,-0.051,-0.2821,-0.2232,-0.0298,-0.3137,-0.2283,-0.0723,-0.3336,-0.193,-0.0559
,-0.299,-0.1894,-0.01,-0.3029,-0.0971,-0.0039,-0.2547,-0.176,0.0204,-0.3387,-0.0969,-0.0515,-0.3541,0.0026,-0.1344,-0.3734,-0.0204,-0.1201,-0.3966,-0.0498,-0.1621,-0.3936,-0.0414,-0.185,-0.336,-0.0265,-0.148,-0.2887,-0.0104,-0.0921,-0.2837,-0.1066,-0.0965,-0.3315,-0.1058,-0.1516,-0.3712,-0.0536,-0.1811,-0.3789,-0.1041,-0.1962,-0.3734,-0.1537,-0.1797,-0.3394,-0.183,-0.1459,-0.3767,-0.177,-0.118
,-0.3813,-0.0977,-0.1144,-0.3989,-0.1498,-0.1607,-0.4112,-0.0994,-0.172,-0.3586,-0.2061,-0.1317,-0.2924,-0.2004,-0.0896,-0.3965,-0.1621,-0.1832,-0.2578,-0.1064,-0.0597,-0.1026,0.2207,-0.359,-0.1183,0.2237,-0.1792,-0.0634,0.2695,-0.2002,-0.0563,0.28,-0.0547,-0.1051,0.2354,-0.0045,-0.1892,-0.158,-1.679,-0.1932,-0.0707,-1.6849,-0.1807,0.2518,-1.6072,-0.2001,0.2788,-1.719,-0.1946,0,-1.6869
,-0.107,0.0684,-1.2026,-0.13,0.0625,-1.3175,-0.1497,0.0895,-1.4292,-0.1652,0.1707,-1.5182,-0.1499,0.2518,-1.6126,-0.0862,-0.2213,0.1277,-0.076,-0.2001,0.3544,-0.4079,-0.1017,-0.2012,-0.0168,0.2616,0.1198,-0.0137,0.2718,0.1498,-0.0291,0.2517,0.1428,-0.0284,0.2401,0.1076,-0.0927,0.1604,0.2447,-0.0968,0.2016,0.1419,-0.0452,0.1917,0.2173,-0.0296,0.1585,0.2956,-0.058,0.2264,0.0954
,-0.0479,0.2259,0.1376,-0.0777,0.2275,0.0757,-0.0067,0.2166,0.2781,-0.0099,0.2516,0.2151,-0.0157,0.2173,0.262,-0.0217,0.2442,0.2142,-0.0227,0.2595,0.1646,-0.0057,0.1822,0.3015,-0.0177,0.1921,0.279,0.0067,0.2166,0.2778,-0.0276,0.2219,0.211,-0.0216,0.3266,-0.0794,-0.0377,0.3254,-0.1175,-0.0201,0.3606,-0.1667,-0.0322,0.2864,-0.0093,-0.0583,0.2314,-0.4202,-0.0311,0.2612,-0.3963
,-0.055,0.2611,-0.347,-0.076,0.2175,-0.4666,-0.0599,0.2504,0.0416,-0.0195,0.3668,-0.3529,-0.0192,0.3776,-0.269,-0.0001,0.3606,-0.1667,-0.032,0.3525,-0.1773,-0.0348,0.3637,-0.2597,-0.0313,0.3532,-0.3278,-0.0209,0.3171,-0.3846,-0.0369,0.3183,-0.3463,-0.0425,0.3219,-0.2319,-0.0269,0.2482,-0.6892,-0.0407,0.2375,-0.7258,-0.0296,0.2723,-0.7539,-0.034,0.2159,-0.6284,-0.0777,0.0859,-1.1047
,-0.0794,0.0684,-1.2073,-0.0562,0.1167,-1.0307,-0.0575,0.2089,-0.5445,-0.035,0.2542,-0.8511,-0.0471,0.2094,-0.9204,-0.0426,0.2116,-0.9423,-0.0388,0.2554,-0.77,-0.0444,0.2419,-0.8473,-0.0475,0.1622,-0.9892,-0.0454,0.1167,-1.0321,-0.0519,0.1729,-0.9509,-0.0477,0.2052,-0.8381,-0.0413,-0.2369,-0.7485,-0.0521,-0.2089,-0.8844,-0.0422,-0.2567,-0.8174,-0.0528,-0.2483,-0.9282,-0.0612,-0.1809,-1.0207
,-0.0789,-0.0859,-1.1046,-0.0604,-0.1191,-1.0499,-0.0568,-0.2127,-0.5446,-0.0327,-0.2163,-0.6323,-0.076,-0.2234,-0.4589,-0.0322,-0.2716,-0.7955,-0.0447,-0.2615,-0.9436,-0.0588,-0.2251,-1.0625,-0.0596,-0.2195,-1.0167,-0.0265,-0.2462,-0.704,-0.0592,-0.1715,-1.0668,-0.0312,-0.2703,-0.3599,-0.0368,-0.3421,-0.3553,-0.0209,-0.345,-0.3905,-0.0309,-0.3885,-0.3569,-0.0194,-0.4104,-0.3975,-0.0622,-0.237,-0.0003
