{"producer":{"name":"Blender","version":"2.78 (sub 0)","exporter_version":"5.4.2","file":"fish.babylon"},
"autoClear":true,"clearColor":[0.0509,0.0509,0.0509],"ambientColor":[0,0,0],"gravity":[0,-9.81,0],
"materials":[],
"multiMaterials":[],
"skeletons":[{"name":"FishArmature","id":0,"dimensionsAtRest":[0,0.1149,1.7531],"bones":[
{"name":"Bone","index":0,"matrix":[0.9559,0,0.2936,0,-0.2936,0,0.9559,0,0,1,0,0,0.162,0.0006,-0.94,1],"rest":[1,0,0,0,0,0,1,0,0,1,0,0,0,0,-1.0393,1],"parentBoneIndex":-1,"length":0.35
,"animation":{"dataType":3,"framePerSecond":24,"keys":[
{"frame":1,"values":[1,0,0,0,0,0,1,0,0,1,0,0,0,0,-1.0393,1]},
{"frame":71,"values":[1,0.0022,0,0,0,0,1,0,-0.0022,1,0,0,0,0,-1.0393,1]},
{"frame":72,"values":[1,0.0089,-0.0001,0,0.0001,0,1,0,-0.0089,1,0,0,0,0,-1.0393,1]},
{"frame":73,"values":[0.9998,0.0201,-0.0003,0,0.0003,0,1,0,-0.0201,0.9998,0,0,0,0,-1.0393,1]},
{"frame":74,"values":[0.9994,0.0352,-0.0005,0,0.0005,0,1,0,-0.0352,0.9994,0,0,0,0,-1.0393,1]},
{"frame":75,"values":[0.9986,0.0536,-0.0008,0,0.0008,0,1,0,-0.0536,0.9986,0,0,0,0,-1.0393,1]},
{"frame":76,"values":[0.9972,0.0742,-0.0011,0,0.0011,0,1,0,-0.0742,0.9972,0,0,0,0,-1.0393,1]},
{"frame":77,"values":[0.9954,0.0955,-0.0014,0,0.0014,0.0001,1,0,-0.0955,0.9954,0.0001,0,0,0,-1.0393,1]},
{"frame":78,"values":[0.9932,0.116,-0.0017,0,0.0017,0.0001,1,0,-0.116,0.9932,0.0001,0,0,0,-1.0393,1]},
{"frame":79,"values":[0.9909,0.1343,-0.0019,0,0.0019,0.0001,1,0,-0.1343,0.9909,0.0001,0,0,0,-1.0393,1]},
{"frame":80,"values":[0.9888,0.1493,-0.0021,0,0.0021,0.0002,1,0,-0.1493,0.9888,0.0002,0,0,0,-1.0393,1]},
{"frame":81,"values":[0.9871,0.1603,-0.0023,0,0.0023,0.0002,1,0,-0.1603,0.9871,0.0002,0,0,0,-1.0393,1]},
{"frame":82,"values":[0.986,0.167,-0.0024,0,0.0024,0.0002,1,0,-0.167,0.986,0.0002,0,0,0,-1.0393,1]},
{"frame":83,"values":[0.9856,0.1693,-0.0024,0,0.0024,0.0002,1,0,-0.1693,0.9856,0.0002,0,0,0,-1.0393,1]},
{"frame":84,"values":[0.9863,0.1649,-0.0024,0,0.0024,0.0002,1,0,-0.1649,0.9863,0.0002,0,0,0,-1.0393,1]},
{"frame":85,"values":[0.9884,0.1517,-0.0022,0,0.0022,0.0002,1,0,-0.1517,0.9884,0.0002,0,0,0,-1.0393,1]},
{"frame":86,"values":[0.9916,0.1296,-0.0019,0,0.0019,0.0001,1,0,-0.1296,0.9916,0.0001,0,0,0,-1.0393,1]},
{"frame":87,"values":[0.9951,0.0989,-0.0014,0,0.0014,0.0001,1,0,-0.0989,0.9951,0.0001,0,0,0,-1.0393,1]},
{"frame":88,"values":[0.9982,0.0605,-0.0009,0,0.0009,0,1,0,-0.0605,0.9982,0,0,0,0,-1.0393,1]},
{"frame":89,"values":[0.9999,0.0159,-0.0002,0,0.0002,0,1,0,-0.0159,0.9999,0,0,0,0,-1.0393,1]},
{"frame":90,"values":[0.9995,-0.0327,0.0005,0,-0.0005,0,1,0,0.0327,0.9995,0,0,0,0,-1.0393,1]},
{"frame":91,"values":[0.9966,-0.0826,0.0012,0,-0.0012,0,1,0,0.0826,0.9966,0,0,0,0,-1.0393,1]},
{"frame":92,"values":[0.9914,-0.1309,0.0019,0,-0.0019,0.0001,1,0,0.1309,0.9914,0.0001,0,0,0,-1.0393,1]},
{"frame":93,"values":[0.9846,-0.175,0.0025,0,-0.0025,0.0002,1,0,0.175,0.9846,0.0002,0,0,0,-1.0393,1]},
{"frame":94,"values":[0.9771,-0.2128,0.003,0,-0.003,0.0003,1,0,0.2128,0.9771,0.0003,0,0,0,-1.0393,1]},
{"frame":95,"values":[0.97,-0.2429,0.0035,0,-0.0035,0.0004,1,0,0.2429,0.97,0.0004,0,0,0,-1.0393,1]},
{"frame":96,"values":[0.9644,-0.2646,0.0038,0,-0.0038,0.0005,1,0,0.2646,0.9644,0.0005,0,0,0,-1.0393,1]},
{"frame":97,"values":[0.9607,-0.2775,0.004,0,-0.004,0.0006,1,0,0.2775,0.9607,0.0006,0,0,0,-1.0393,1]},
{"frame":98,"values":[0.9595,-0.2817,0.004,0,-0.004,0.0006,1,0,0.2817,0.9595,0.0006,0,0,0,-1.0393,1]},
{"frame":99,"values":[0.9607,-0.2775,0.004,0,-0.004,0.0006,1,0,0.2775,0.9607,0.0006,0,0,0,-1.0393,1]},
{"frame":100,"values":[0.9643,-0.2648,0.0038,0,-0.0038,0.0005,1,0,0.2648,0.9643,0.0005,0,0,0,-1.0393,1]},
{"frame":101,"values":[0.9698,-0.2437,0.0035,0,-0.0035,0.0004,1,0,0.2437,0.9699,0.0004,0,0,0,-1.0393,1]},
{"frame":102,"values":[0.9766,-0.215,0.0031,0,-0.0031,0.0003,1,0,0.215,0.9766,0.0003,0,0,0,-1.0393,1]},
{"frame":103,"values":[0.9836,-0.1803,0.0026,0,-0.0026,0.0002,1,0,0.1803,0.9836,0.0002,0,0,0,-1.0393,1]},
{"frame":104,"values":[0.9898,-0.1423,0.002,0,-0.002,0.0001,1,0,0.1423,0.9898,0.0001,0,0,0,-1.0393,1]},
{"frame":105,"values":[0.9946,-0.104,0.0015,0,-0.0015,0.0001,1,0,0.104,0.9946,0.0001,0,0,0,-1.0393,1]},
{"frame":106,"values":[0.9976,-0.0688,0.001,0,-0.001,0,1,0,0.0688,0.9976,0,0,0,0,-1.0393,1]},
{"frame":107,"values":[0.9992,-0.0394,0.0006,0,-0.0006,0,1,0,0.0394,0.9992,0,0,0,0,-1.0393,1]},
{"frame":108,"values":[0.9998,-0.0176,0.0003,0,-0.0003,0,1,0,0.0176,0.9998,0,0,0,0,-1.0393,1]},
{"frame":109,"values":[1,-0.0044,0.0001,0,-0.0001,0,1,0,0.0044,1,0,0,0,0,-1.0393,1]},
{"frame":110,"values":[1,0,0,0,0,0,1,0,0,1,0,0,0,0,-1.0393,1]},
{"frame":120,"values":[1,0,0,0,0,0,1,0,0,1,0,0,0,0,-1.0393,1]},
{"frame":131,"values":[0.9508,0,0.3097,0,-0.3097,0,0.9508,0,0,1,0,0,0.1715,0.0006,-0.94,1]},
{"frame":132,"values":[0.9559,0,0.2936,0,-0.2936,0,0.9559,0,0,1,0,0,0.162,0.0006,-0.94,1]},
{"frame":133,"values":[0.9697,0,0.2443,0,-0.2443,0,0.9697,0,0,1,0,0,0.1337,0.0006,-0.9402,1]},
{"frame":134,"values":[0.9866,0,0.1633,0,-0.1633,0,0.9866,0,0,1,0,0,0.0883,0.0006,-0.9404,1]},
{"frame":135,"values":[0.9983,0,0.0579,0,-0.0579,0,0.9983,0,0,1,0,0,0.0305,0.0006,-0.9407,1]},
{"frame":136,"values":[0.9984,0,-0.0568,0,0.0568,0,0.9984,0,0,1,0,0,-0.0319,0.0006,-0.941,1]},
{"frame":137,"values":[0.9868,0,-0.1622,0,0.1622,0,0.9868,0,0,1,0,0,-0.0897,0.0006,-0.9414,1]},
{"frame":138,"values":[0.97,0,-0.2432,0,0.2432,0,0.97,0,0,1,0,0,-0.1352,0.0006,-0.9416,1]},
{"frame":139,"values":[0.9563,0,-0.2925,0,0.2925,0,0.9563,0,0,1,0,0,-0.1635,0.0006,-0.9417,1]},
{"frame":140,"values":[0.9512,0,-0.3087,0,0.3087,0,0.9512,0,0,1,0,0,-0.1729,0.0006,-0.9418,1]},
{"frame":141,"values":[0.9553,0,-0.2956,0,0.2956,0,0.9553,0,0,1,0,0,-0.1653,0.0006,-0.9418,1]},
{"frame":142,"values":[0.9667,0,-0.2557,0,0.2557,0,0.9667,0,0,1,0,0,-0.1423,0.0006,-0.9416,1]},
{"frame":143,"values":[0.9819,0,-0.1896,0,0.1896,0,0.9819,0,0,1,0,0,-0.105,0.0006,-0.9414,1]},
{"frame":144,"values":[0.9949,0,-0.1011,0,0.1011,0,0.9949,0,0,1,0,0,-0.0561,0.0006,-0.9412,1]},
{"frame":145,"values":[1,0,0.0006,0,-0.0006,0,1,0,0,1,0,0,-0.0007,0.0006,-0.9409,1]},
{"frame":146,"values":[0.9948,0,0.1022,0,-0.1022,0,0.9948,0,0,1,0,0,0.0546,0.0006,-0.9406,1]},
{"frame":147,"values":[0.9817,0,0.1907,0,-0.1907,0,0.9817,0,0,1,0,0,0.1035,0.0006,-0.9403,1]},
{"frame":148,"values":[0.9665,0,0.2568,0,-0.2568,0,0.9665,0,0,1,0,0,0.1408,0.0006,-0.9401,1]},
{"frame":149,"values":[0.955,0,0.2967,0,-0.2967,0,0.955,0,0,1,0,0,0.1638,0.0006,-0.94,1]},
{"frame":150,"values":[0.9508,0,0.3097,0,-0.3097,0,0.9508,0,0,1,0,0,0.1715,0.0006,-0.94,1]}],"loopBehavior":1,"name":"anim","property":"_matrix"}},
{"name":"Bone.001","index":1,"matrix":[0.989,-0.148,0,0,0.148,0.989,0,0,0,0,1,0,0,0.35,0,1],"rest":[1,0,0,0,0,1,0,0,0,0,1,0,0,0.35,0,1],"parentBoneIndex":0,"length":0.3113
,"animation":{"dataType":3,"framePerSecond":24,"keys":[
{"frame":1,"values":[1,0,0,0,0,1,0,0,0,0,1,0,0,0.35,0,1]},
{"frame":2,"values":[1,0,0,0,0,1,-0.001,0,0,0.001,1,0,0,0.35,0,1]},
{"frame":3,"values":[1,0,0,0,0,1,-0.0039,0,0,0.0039,1,0,0,0.35,0,1]},
{"frame":4,"values":[1,0,0,0,0,1,-0.0089,0,0,0.0089,1,0,0,0.35,0,1]},
{"frame":5,"values":[1,0,0,0,0,0.9999,-0.0159,0,0,0.0159,0.9999,0,0,0.35,0,1]},
{"frame":6,"values":[1,0,0.0001,0,0,0.9997,-0.0249,0,-0.0001,0.0249,0.9997,0,0,0.35,0,1]},
{"frame":7,"values":[1,0,0.0002,0,0,0.9994,-0.036,0,-0.0002,0.036,0.9994,0,0,0.35,0,1]},
{"frame":8,"values":[1,0,0.0003,0,0,0.9988,-0.0491,0,-0.0003,0.0491,0.9988,0,0,0.35,0,1]},
{"frame":9,"values":[1,0,0.0004,0,0,0.9979,-0.0642,0,-0.0004,0.0642,0.9979,0,0,0.35,0,1]},
{"frame":10,"values":[1,0,0.0006,0,0,0.9967,-0.0815,0,-0.0006,0.0815,0.9967,0,0,0.35,0,1]},
{"frame":11,"values":[1,0,0.0008,0,0,0.9949,-0.1007,0,-0.0008,0.1007,0.9949,0,0,0.35,0,1]},
{"frame":12,"values":[1,0.0001,0.0011,0,0.0001,0.9925,-0.1219,0,-0.0011,0.1219,0.9925,0,0,0.35,0,1]},
{"frame":13,"values":[1,0.0001,0.0015,0,0.0001,0.9894,-0.145,0,-0.0015,0.145,0.9894,0,0,0.35,0,1]},
{"frame":14,"values":[1,0.0002,0.0019,0,0.0002,0.9854,-0.17,0,-0.0019,0.17,0.9854,0,0,0.35,0,1]},
{"frame":15,"values":[1,0.0002,0.0024,0,0.0002,0.9805,-0.1967,0,-0.0024,0.1967,0.9805,0,0,0.35,0,1]},
{"frame":16,"values":[1,0.0003,0.003,0,0.0003,0.9743,-0.2251,0,-0.003,0.2251,0.9743,0,0,0.35,0,1]},
{"frame":17,"values":[1,0.0005,0.0037,0,0.0005,0.967,-0.2549,0,-0.0037,0.2549,0.967,0,0,0.35,0,1]},
{"frame":18,"values":[1,0.0007,0.0046,0,0.0007,0.9582,-0.286,0,-0.0046,0.286,0.9582,0,0,0.35,0,1]},
{"frame":19,"values":[1,0.0009,0.0055,0,0.0009,0.948,-0.3183,0,-0.0055,0.3183,0.948,0,0,0.35,0,1]},
{"frame":20,"values":[1,0.0012,0.0066,0,0.0012,0.9362,-0.3514,0,-0.0066,0.3514,0.9362,0,0,0.35,0,1]},
{"frame":21,"values":[1,0.0016,0.0078,0,0.0016,0.9228,-0.3852,0,-0.0078,0.3852,0.9228,0,0,0.35,0,1]},
{"frame":22,"values":[1,0.002,0.0091,0,0.002,0.9078,-0.4193,0,-0.0091,0.4193,0.9078,0,0,0.35,0,1]},
{"frame":23,"values":[0.9999,0.0025,0.0106,0,0.0025,0.8912,-0.4536,0,-0.0106,0.4536,0.8912,0,0,0.35,0,1]},
{"frame":24,"values":[0.9999,0.0032,0.0123,0,0.0032,0.873,-0.4877,0,-0.0123,0.4877,0.8729,0,0,0.35,0,1]},
{"frame":25,"values":[0.9999,0.0039,0.014,0,0.0039,0.8534,-0.5213,0,-0.014,0.5213,0.8532,0,0,0.35,0,1]},
{"frame":26,"values":[0.9999,0.0048,0.016,0,0.0048,0.8323,-0.5543,0,-0.016,0.5543,0.8322,0,0,0.35,0,1]},
{"frame":27,"values":[0.9998,0.0058,0.018,0,0.0058,0.8101,-0.5863,0,-0.018,0.5863,0.8099,0,0,0.35,0,1]},
{"frame":28,"values":[0.9998,0.007,0.0202,0,0.007,0.7868,-0.6172,0,-0.0202,0.6172,0.7866,0,0,0.35,0,1]},
{"frame":29,"values":[0.9997,0.0083,0.0226,0,0.0083,0.7627,-0.6467,0,-0.0226,0.6467,0.7624,0,0,0.35,0,1]},
{"frame":30,"values":[0.9996,0.0097,0.0251,0,0.0097,0.7381,-0.6747,0,-0.0251,0.6747,0.7377,0,0,0.35,0,1]},
{"frame":31,"values":[0.9996,0.0113,0.0277,0,0.0113,0.7131,-0.701,0,-0.0277,0.701,0.7126,0,0,0.35,0,1]},
{"frame":32,"values":[0.9995,0.0131,0.0304,0,0.0131,0.688,-0.7256,0,-0.0304,0.7256,0.6874,0,0,0.35,0,1]},
{"frame":33,"values":[0.9993,0.015,0.0333,0,0.015,0.663,-0.7485,0,-0.0333,0.7485,0.6623,0,0,0.35,0,1]},
{"frame":34,"values":[0.9992,0.017,0.0362,0,0.017,0.6384,-0.7695,0,-0.0362,0.7695,0.6376,0,0,0.35,0,1]},
{"frame":35,"values":[0.999,0.0192,0.0393,0,0.0192,0.6145,-0.7887,0,-0.0393,0.7887,0.6135,0,0,0.35,0,1]},
{"frame":36,"values":[0.9989,0.0216,0.0425,0,0.0216,0.5913,-0.8062,0,-0.0425,0.8062,0.5902,0,0,0.35,0,1]},
{"frame":37,"values":[0.9987,0.024,0.0459,0,0.024,0.5692,-0.8219,0,-0.0459,0.8219,0.5678,0,0,0.35,0,1]},
{"frame":38,"values":[0.9984,0.0267,0.0493,0,0.0267,0.5482,-0.8359,0,-0.0493,0.8359,0.5466,0,0,0.35,0,1]},
{"frame":39,"values":[0.9982,0.0294,0.0529,0,0.0294,0.5285,-0.8484,0,-0.0529,0.8484,0.5267,0,0,0.35,0,1]},
{"frame":40,"values":[0.9979,0.0322,0.0565,0,0.0322,0.5103,-0.8594,0,-0.0565,0.8594,0.5082,0,0,0.35,0,1]},
{"frame":41,"values":[0.9976,0.0351,0.0603,0,0.0351,0.4937,-0.8689,0,-0.0603,0.8689,0.4912,0,0,0.35,0,1]},
{"frame":42,"values":[0.9972,0.0382,0.0642,0,0.0382,0.4786,-0.8772,0,-0.0642,0.8772,0.4759,0,0,0.35,0,1]},
{"frame":43,"values":[0.9968,0.0413,0.0683,0,0.0413,0.4653,-0.8842,0,-0.0683,0.8842,0.4621,0,0,0.35,0,1]},
{"frame":44,"values":[0.9964,0.0445,0.0724,0,0.0445,0.4538,-0.89,0,-0.0724,0.89,0.4501,0,0,0.35,0,1]},
{"frame":45,"values":[0.9959,0.0477,0.0768,0,0.0477,0.444,-0.8948,0,-0.0768,0.8948,0.4399,0,0,0.35,0,1]},
{"frame":46,"values":[0.9954,0.051,0.0812,0,0.051,0.436,-0.8985,0,-0.0812,0.8985,0.4314,0,0,0.35,0,1]},
{"frame":47,"values":[0.9948,0.0543,0.0858,0,0.0543,0.4299,-0.9013,0,-0.0858,0.9013,0.4247,0,0,0.35,0,1]},
{"frame":48,"values":[0.9942,0.0576,0.0906,0,0.0576,0.4255,-0.9031,0,-0.0906,0.9031,0.4198,0,0,0.35,0,1]},
{"frame":49,"values":[0.9936,0.061,0.0956,0,0.061,0.4231,-0.904,0,-0.0956,0.904,0.4166,0,0,0.35,0,1]},
{"frame":50,"values":[0.9928,0.0643,0.1007,0,0.0643,0.4224,-0.9041,0,-0.1007,0.9041,0.4152,0,0,0.35,0,1]},
{"frame":51,"values":[0.9918,0.0672,0.1084,0,0.0692,0.4304,-0.9,0,-0.1072,0.9001,0.4223,0,0,0.35,0,1]},
{"frame":52,"values":[0.9902,0.0689,0.1212,0,0.077,0.4544,-0.8875,0,-0.1162,0.8881,0.4446,0,0,0.35,0,1]},
{"frame":53,"values":[0.9878,0.0688,0.1394,0,0.0876,0.4942,-0.8649,0,-0.1284,0.8666,0.4822,0,0,0.35,0,1]},
{"frame":54,"values":[0.9844,0.066,0.163,0,0.1005,0.5494,-0.8295,0,-0.1443,0.833,0.5342,0,0,0.35,0,1]},
{"frame":55,"values":[0.9796,0.0592,0.1918,0,0.1149,0.6181,-0.7777,0,-0.1646,0.7839,0.5987,0,0,0.35,0,1]},
{"frame":56,"values":[0.9732,0.0469,0.2251,0,0.1296,0.6969,-0.7053,0,-0.19,0.7156,0.6722,0,0,0.35,0,1]},
{"frame":57,"values":[0.9649,0.0274,0.2613,0,0.1429,0.78,-0.6092,0,-0.2205,0.6252,0.7487,0,0,0.35,0,1]},
{"frame":58,"values":[0.9546,-0.0003,0.298,0,0.1527,0.8593,-0.4881,0,-0.2559,0.5115,0.8203,0,0,0.35,0,1]},
{"frame":59,"values":[0.9426,-0.0364,0.332,0,0.1571,0.9255,-0.3446,0,-0.2948,0.377,0.8781,0,0,0.35,0,1]},
{"frame":60,"values":[0.9295,-0.0794,0.3601,0,0.1548,0.9704,-0.1856,0,-0.3347,0.2283,0.9143,0,0,0.35,0,1]},
{"frame":61,"values":[0.9163,-0.1265,0.38,0,0.1455,0.9891,-0.0218,0,-0.3731,0.0752,0.9247,0,0,0.35,0,1]},
{"frame":62,"values":[0.9038,-0.1741,0.3909,0,0.1306,0.9821,0.1354,0,-0.4074,-0.0714,0.9104,0,0,0.35,0,1]},
{"frame":63,"values":[0.8928,-0.2188,0.3936,0,0.112,0.9545,0.2765,0,-0.4362,-0.2027,0.8767,0,0,0.35,0,1]},
{"frame":64,"values":[0.8837,-0.2582,0.3904,0,0.0922,0.9138,0.3956,0,-0.4589,-0.3136,0.8313,0,0,0.35,0,1]},
{"frame":65,"values":[0.8765,-0.291,0.3835,0,0.0733,0.868,0.4912,0,-0.4758,-0.4024,0.7821,0,0,0.35,0,1]},
{"frame":66,"values":[0.8711,-0.3168,0.3752,0,0.0566,0.8238,0.564,0,-0.4878,-0.4701,0.7356,0,0,0.35,0,1]},
{"frame":67,"values":[0.8673,-0.3359,0.3674,0,0.0432,0.786,0.6167,0,-0.4959,-0.519,0.6962,0,0,0.35,0,1]},
{"frame":68,"values":[0.8648,-0.349,0.3611,0,0.0336,0.7576,0.6519,0,-0.501,-0.5516,0.6668,0,0,0.35,0,1]},
{"frame":69,"values":[0.8634,-0.3565,0.3571,0,0.0278,0.7401,0.6719,0,-0.5038,-0.5702,0.6489,0,0,0.35,0,1]},
{"frame":70,"values":[0.8629,-0.359,0.3557,0,0.0258,0.7343,0.6784,0,-0.5047,-0.5762,0.6429,0,0,0.35,0,1]},
{"frame":111,"values":[0.8683,-0.3494,0.352,0,0.0295,0.7448,0.6666,0,-0.4951,-0.5685,0.657,0,0,0.35,0,1]},
{"frame":112,"values":[0.8843,-0.3205,0.3395,0,0.0394,0.7758,0.6298,0,-0.4652,-0.5436,0.6987,0,0,0.35,0,1]},
{"frame":113,"values":[0.9088,-0.2738,0.3148,0,0.0522,0.8232,0.5653,0,-0.414,-0.4974,0.7624,0,0,0.35,0,1]},
{"frame":114,"values":[0.9373,-0.2143,0.2748,0,0.062,0.8785,0.4736,0,-0.3429,-0.4269,0.8368,0,0,0.35,0,1]},
{"frame":115,"values":[0.9639,-0.1507,0.2194,0,0.0631,0.9301,0.3619,0,-0.2586,-0.335,0.906,0,0,0.35,0,1]},
{"frame":116,"values":[0.9835,-0.0934,0.155,0,0.0533,0.968,0.2453,0,-0.173,-0.233,0.957,0,0,0.35,0,1]},
{"frame":117,"values":[0.9945,-0.0494,0.0925,0,0.036,0.9893,0.1413,0,-0.0985,-0.1372,0.9856,0,0,0.35,0,1]},
{"frame":118,"values":[0.9989,-0.0205,0.0422,0,0.0178,0.9979,0.0628,0,-0.0434,-0.062,0.9971,0,0,0.35,0,1]},
{"frame":119,"values":[0.9999,-0.0048,0.0106,0,0.0047,0.9999,0.0155,0,-0.0107,-0.0155,0.9998,0,0,0.35,0,1]},
{"frame":120,"values":[1,0,0,0,0,1,0,0,0,0,1,0,0,0.35,0,1]},
{"frame":131,"values":[0.9877,-0.1564,0,0,0.1564,0.9877,0,0,0,0,1,0,0,0.35,0,1]},
{"frame":132,"values":[0.989,-0.148,0,0,0.148,0.989,0,0,0,0,1,0,0,0.35,0,1]},
{"frame":133,"values":[0.9925,-0.1224,0,0,0.1224,0.9925,0,0,0,0,1,0,0,0.35,0,1]},
{"frame":134,"values":[0.9967,-0.0812,0,0,0.0812,0.9967,0,0,0,0,1,0,0,0.35,0,1]},
{"frame":135,"values":[0.9996,-0.0285,0,0,0.0285,0.9996,0,0,0,0,1,0,0,0.35,0,1]},
{"frame":136,"values":[0.9996,0.0285,0,0,-0.0285,0.9996,0,0,0,0,1,0,0,0.35,0,1]},
{"frame":137,"values":[0.9967,0.0812,0,0,-0.0812,0.9967,0,0,0,0,1,0,0,0.35,0,1]},
{"frame":138,"values":[0.9925,0.1224,0,0,-0.1224,0.9925,0,0,0,0,1,0,0,0.35,0,1]},
{"frame":139,"values":[0.989,0.148,0,0,-0.148,0.989,0,0,0,0,1,0,0,0.35,0,1]},
{"frame":140,"values":[0.9877,0.1564,0,0,-0.1564,0.9877,0,0,0,0,1,0,0,0.35,0,1]},
{"frame":141,"values":[0.9887,0.1496,0,0,-0.1496,0.9887,0,0,0,0,1,0,0,0.35,0,1]},
{"frame":142,"values":[0.9917,0.1289,0,0,-0.1289,0.9917,0,0,0,0,1,0,0,0.35,0,1]},
{"frame":143,"values":[0.9955,0.0951,0,0,-0.0951,0.9955,0,0,0,0,1,0,0,0.35,0,1]},
{"frame":144,"values":[0.9987,0.0506,0,0,-0.0506,0.9987,0,0,0,0,1,0,0,0.35,0,1]},
{"frame":145,"values":[1,0,0,0,0,1,0,0,0,0,1,0,0,0.35,0,1]},
{"frame":146,"values":[0.9987,-0.0506,0,0,0.0506,0.9987,0,0,0,0,1,0,0,0.35,0,1]},
{"frame":147,"values":[0.9955,-0.0951,0,0,0.0951,0.9955,0,0,0,0,1,0,0,0.35,0,1]},
{"frame":148,"values":[0.9917,-0.1289,0,0,0.1289,0.9917,0,0,0,0,1,0,0,0.35,0,1]},
{"frame":149,"values":[0.9887,-0.1496,0,0,0.1496,0.9887,0,0,0,0,1,0,0,0.35,0,1]},
{"frame":150,"values":[0.9877,-0.1564,0,0,0.1564,0.9877,0,0,0,0,1,0,0,0.35,0,1]}],"loopBehavior":1,"name":"anim","property":"_matrix"}},
{"name":"Bone.002","index":2,"matrix":[0.9951,-0.0988,0,0,0.0988,0.9945,0.0345,0,-0.0034,-0.0343,0.9994,0,0,0.3113,0,1],"rest":[1,0,0,0,0,0.9994,0.0345,0,0,-0.0345,0.9994,0,0,0.3113,0,1],"parentBoneIndex":1,"length":0.3032
,"animation":{"dataType":3,"framePerSecond":24,"keys":[
{"frame":1,"values":[1,0,0,0,0,0.9994,0.0345,0,0,-0.0345,0.9994,0,0,0.3113,0,1]},
{"frame":2,"values":[1,0,0,0,0,0.9994,0.0354,0,0,-0.0354,0.9994,0,0,0.3113,0,1]},
{"frame":3,"values":[1,0,0,0,0,0.9993,0.0381,0,0,-0.0381,0.9993,0,0,0.3113,0,1]},
{"frame":4,"values":[1,0,0,0,0,0.9991,0.0427,0,0,-0.0427,0.9991,0,0,0.3113,0,1]},
{"frame":5,"values":[1,0,0,0,0,0.9988,0.0492,0,0,-0.0492,0.9988,0,0,0.3113,0,1]},
{"frame":6,"values":[1,0,-0.0001,0,0,0.9983,0.0575,0,0.0001,-0.0575,0.9983,0,0,0.3113,0,1]},
{"frame":7,"values":[1,0,-0.0001,0,0,0.9977,0.0678,0,0.0001,-0.0678,0.9977,0,0,0.3113,0,1]},
{"frame":8,"values":[1,0,-0.0002,0,0,0.9968,0.0799,0,0.0002,-0.0799,0.9968,0,0,0.3113,0,1]},
{"frame":9,"values":[1,0,-0.0004,0,0,0.9956,0.0939,0,0.0004,-0.0939,0.9956,0,0,0.3113,0,1]},
{"frame":10,"values":[1,0,-0.0005,0,0,0.994,0.1098,0,0.0005,-0.1098,0.994,0,0,0.3113,0,1]},
{"frame":11,"values":[1,0.0001,-0.0007,0,0,0.9918,0.1275,0,0.0007,-0.1275,0.9918,0,0,0.3113,0,1]},
{"frame":12,"values":[1,0.0001,-0.001,0,0.0001,0.9891,0.147,0,0.001,-0.147,0.9891,0,0,0.3113,0,1]},
{"frame":13,"values":[1,0.0001,-0.0013,0,0.0001,0.9857,0.1683,0,0.0013,-0.1683,0.9857,0,0,0.3113,0,1]},
{"frame":14,"values":[1,0.0002,-0.0017,0,0.0001,0.9815,0.1913,0,0.0017,-0.1913,0.9815,0,0,0.3113,0,1]},
{"frame":15,"values":[1,0.0003,-0.0022,0,0.0002,0.9764,0.2158,0,0.0022,-0.2158,0.9764,0,0,0.3113,0,1]},
{"frame":16,"values":[1,0.0004,-0.0028,0,0.0003,0.9703,0.2418,0,0.0028,-0.2418,0.9703,0,0,0.3113,0,1]},
{"frame":17,"values":[1,0.0005,-0.0034,0,0.0004,0.9631,0.2691,0,0.0035,-0.2691,0.9631,0,0,0.3113,0,1]},
{"frame":18,"values":[1,0.0007,-0.0042,0,0.0006,0.9547,0.2976,0,0.0042,-0.2976,0.9547,0,0,0.3113,0,1]},
{"frame":19,"values":[1,0.0009,-0.0051,0,0.0008,0.945,0.3272,0,0.0051,-0.3272,0.945,0,0,0.3113,0,1]},
{"frame":20,"values":[1,0.0012,-0.0061,0,0.001,0.9339,0.3575,0,0.0061,-0.3575,0.9339,0,0,0.3113,0,1]},
{"frame":21,"values":[1,0.0016,-0.0072,0,0.0013,0.9215,0.3884,0,0.0072,-0.3884,0.9215,0,0,0.3113,0,1]},
{"frame":22,"values":[1,0.002,-0.0084,0,0.0017,0.9077,0.4197,0,0.0085,-0.4197,0.9076,0,0,0.3113,0,1]},
{"frame":23,"values":[0.9999,0.0025,-0.0098,0,0.0022,0.8925,0.4511,0,0.0098,-0.4511,0.8924,0,0,0.3113,0,1]},
{"frame":24,"values":[0.9999,0.0031,-0.0113,0,0.0027,0.8759,0.4824,0,0.0114,-0.4824,0.8759,0,0,0.3113,0,1]},
{"frame":25,"values":[0.9999,0.0038,-0.0129,0,0.0034,0.8582,0.5134,0,0.013,-0.5134,0.8581,0,0,0.3113,0,1]},
{"frame":26,"values":[0.9999,0.0046,-0.0147,0,0.0041,0.8392,0.5438,0,0.0148,-0.5438,0.8391,0,0,0.3113,0,1]},
{"frame":27,"values":[0.9998,0.0055,-0.0166,0,0.005,0.8193,0.5734,0,0.0167,-0.5734,0.8191,0,0,0.3113,0,1]},
{"frame":28,"values":[0.9998,0.0066,-0.0186,0,0.0059,0.7984,0.602,0,0.0188,-0.602,0.7982,0,0,0.3113,0,1]},
{"frame":29,"values":[0.9998,0.0078,-0.0208,0,0.007,0.7769,0.6295,0,0.021,-0.6295,0.7767,0,0,0.3113,0,1]},
{"frame":30,"values":[0.9997,0.0091,-0.0231,0,0.0083,0.7549,0.6557,0,0.0234,-0.6557,0.7546,0,0,0.3113,0,1]},
{"frame":31,"values":[0.9996,0.0105,-0.0255,0,0.0096,0.7327,0.6805,0,0.0258,-0.6805,0.7323,0,0,0.3113,0,1]},
{"frame":32,"values":[0.9995,0.0121,-0.028,0,0.0111,0.7103,0.7038,0,0.0284,-0.7038,0.7098,0,0,0.3113,0,1]},
{"frame":33,"values":[0.9994,0.0138,-0.0307,0,0.0128,0.6881,0.7255,0,0.0312,-0.7255,0.6875,0,0,0.3113,0,1]},
{"frame":34,"values":[0.9993,0.0157,-0.0335,0,0.0145,0.6662,0.7456,0,0.034,-0.7456,0.6655,0,0,0.3113,0,1]},
{"frame":35,"values":[0.9992,0.0177,-0.0364,0,0.0164,0.6448,0.7641,0,0.037,-0.7641,0.644,0,0,0.3113,0,1]},
{"frame":36,"values":[0.999,0.0198,-0.0394,0,0.0184,0.6242,0.7811,0,0.0401,-0.781,0.6232,0,0,0.3113,0,1]},
{"frame":37,"values":[0.9989,0.022,-0.0425,0,0.0206,0.6044,0.7964,0,0.0433,-0.7964,0.6033,0,0,0.3113,0,1]},
{"frame":38,"values":[0.9987,0.0244,-0.0458,0,0.0228,0.5857,0.8102,0,0.0466,-0.8102,0.5843,0,0,0.3113,0,1]},
{"frame":39,"values":[0.9984,0.0269,-0.0491,0,0.0252,0.5681,0.8226,0,0.05,-0.8225,0.5665,0,0,0.3113,0,1]},
{"frame":40,"values":[0.9982,0.0294,-0.0526,0,0.0276,0.5518,0.8335,0,0.0535,-0.8335,0.55,0,0,0.3113,0,1]},
{"frame":41,"values":[0.9979,0.0321,-0.0561,0,0.0302,0.5368,0.8431,0,0.0572,-0.8431,0.5347,0,0,0.3113,0,1]},
{"frame":42,"values":[0.9976,0.0349,-0.0598,0,0.0328,0.5233,0.8515,0,0.061,-0.8514,0.5209,0,0,0.3113,0,1]},
{"frame":43,"values":[0.9973,0.0377,-0.0636,0,0.0355,0.5114,0.8586,0,0.0649,-0.8585,0.5086,0,0,0.3113,0,1]},
{"frame":44,"values":[0.9969,0.0406,-0.0676,0,0.0382,0.5009,0.8646,0,0.0689,-0.8645,0.4978,0,0,0.3113,0,1]},
{"frame":45,"values":[0.9965,0.0435,-0.0716,0,0.041,0.4921,0.8696,0,0.0731,-0.8694,0.4886,0,0,0.3113,0,1]},
{"frame":46,"values":[0.996,0.0465,-0.0758,0,0.0439,0.4849,0.8734,0,0.0774,-0.8733,0.481,0,0,0.3113,0,1]},
{"frame":47,"values":[0.9955,0.0495,-0.0802,0,0.0467,0.4794,0.8764,0,0.0819,-0.8762,0.4749,0,0,0.3113,0,1]},
{"frame":48,"values":[0.995,0.0526,-0.0847,0,0.0496,0.4755,0.8783,0,0.0864,-0.8782,0.4705,0,0,0.3113,0,1]},
{"frame":49,"values":[0.9944,0.0556,-0.0893,0,0.0525,0.4732,0.8794,0,0.0912,-0.8792,0.4676,0,0,0.3113,0,1]},
{"frame":50,"values":[0.9938,0.0587,-0.0941,0,0.0554,0.4726,0.8796,0,0.0961,-0.8793,0.4664,0,0,0.3113,0,1]},
{"frame":51,"values":[0.9928,0.0614,-0.1025,0,0.0607,0.4795,0.8755,0,0.1028,-0.8754,0.4723,0,0,0.3113,0,1]},
{"frame":52,"values":[0.991,0.063,-0.1178,0,0.0708,0.4999,0.8632,0,0.1133,-0.8638,0.491,0,0,0.3113,0,1]},
{"frame":53,"values":[0.9881,0.0631,-0.1405,0,0.0855,0.534,0.8412,0,0.1281,-0.8431,0.5222,0,0,0.3113,0,1]},
{"frame":54,"values":[0.9835,0.0604,-0.1706,0,0.1043,0.5809,0.8072,0,0.1478,-0.8117,0.565,0,0,0.3113,0,1]},
{"frame":55,"values":[0.9767,0.0536,-0.2077,0,0.1262,0.6392,0.7586,0,0.1735,-0.7671,0.6176,0,0,0.3113,0,1]},
{"frame":56,"values":[0.9671,0.041,-0.2512,0,0.1499,0.706,0.6922,0,0.2057,-0.707,0.6766,0,0,0.3113,0,1]},
{"frame":57,"values":[0.954,0.0207,-0.299,0,0.173,0.7766,0.6058,0,0.2448,-0.6297,0.7373,0,0,0.3113,0,1]},
{"frame":58,"values":[0.9372,-0.0085,-0.3486,0,0.1932,0.8449,0.4988,0,0.2903,-0.5348,0.7935,0,0,0.3113,0,1]},
{"frame":59,"values":[0.9169,-0.047,-0.3964,0,0.2078,0.9041,0.3734,0,0.3409,-0.4247,0.8387,0,0,0.3113,0,1]},
{"frame":60,"values":[0.8938,-0.0936,-0.4387,0,0.2147,0.948,0.2351,0,0.3938,-0.3043,0.8674,0,0,0.3113,0,1]},
{"frame":61,"values":[0.8692,-0.1458,-0.4724,0,0.2132,0.9727,0.0921,0,0.4461,-0.1808,0.8765,0,0,0.3113,0,1]},
{"frame":62,"values":[0.8448,-0.1999,-0.4963,0,0.2039,0.9779,-0.0467,0,0.4946,-0.0617,0.8669,0,0,0.3113,0,1]},
{"frame":63,"values":[0.8221,-0.2523,-0.5104,0,0.1888,0.9665,-0.1736,0,0.5371,0.0464,0.8422,0,0,0.3113,0,1]},
{"frame":64,"values":[0.802,-0.2999,-0.5165,0,0.1704,0.9438,-0.2834,0,0.5724,0.1393,0.808,0,0,0.3113,0,1]},
{"frame":65,"values":[0.7853,-0.3408,-0.5169,0,0.1513,0.9152,-0.3736,0,0.6003,0.2152,0.7702,0,0,0.3113,0,1]},
{"frame":66,"values":[0.772,-0.374,-0.5139,0,0.1335,0.8859,-0.4442,0,0.6214,0.2743,0.7339,0,0,0.3113,0,1]},
{"frame":67,"values":[0.7621,-0.3993,-0.5097,0,0.1187,0.86,-0.4964,0,0.6365,0.3178,0.7028,0,0,0.3113,0,1]},
{"frame":68,"values":[0.7553,-0.417,-0.5057,0,0.1076,0.84,-0.5319,0,0.6465,0.3473,0.6793,0,0,0.3113,0,1]},
{"frame":69,"values":[0.7513,-0.4273,-0.5029,0,0.1009,0.8275,-0.5523,0,0.6522,0.3643,0.6648,0,0,0.3113,0,1]},
{"frame":70,"values":[0.7501,-0.4306,-0.502,0,0.0986,0.8233,-0.559,0,0.654,0.3698,0.66,0,0,0.3113,0,1]},
{"frame":111,"values":[0.7599,-0.4198,-0.4963,0,0.1014,0.8307,-0.5475,0,0.6421,0.3657,0.6738,0,0,0.3113,0,1]},
{"frame":112,"values":[0.7889,-0.387,-0.4773,0,0.1084,0.8522,-0.5118,0,0.6049,0.352,0.7143,0,0,0.3113,0,1]},
{"frame":113,"values":[0.8334,-0.3334,-0.4407,0,0.1158,0.8851,-0.4507,0,0.5404,0.3246,0.7763,0,0,0.3113,0,1]},
{"frame":114,"values":[0.8855,-0.264,-0.3825,0,0.117,0.9231,-0.3662,0,0.4497,0.2795,0.8483,0,0,0.3113,0,1]},
{"frame":115,"values":[0.934,-0.1884,-0.3035,0,0.1066,0.9579,-0.2665,0,0.3409,0.2166,0.9148,0,0,0.3113,0,1]},
{"frame":116,"values":[0.9698,-0.1187,-0.2131,0,0.0838,0.9826,-0.166,0,0.2291,0.1431,0.9628,0,0,0.3113,0,1]},
{"frame":117,"values":[0.9899,-0.0638,-0.1264,0,0.054,0.9954,-0.0791,0,0.1309,0.0715,0.9888,0,0,0.3113,0,1]},
{"frame":118,"values":[0.998,-0.0268,-0.0574,0,0.026,0.9995,-0.0154,0,0.0578,0.0139,0.9982,0,0,0.3113,0,1]},
{"frame":119,"values":[0.9999,-0.0064,-0.0144,0,0.0067,0.9997,0.0223,0,0.0142,-0.0223,0.9996,0,0,0.3113,0,1]},
{"frame":120,"values":[1,0,0,0,0,0.9994,0.0345,0,0,-0.0345,0.9994,0,0,0.3113,0,1]},
{"frame":131,"values":[0.9945,-0.1045,0,0,0.1045,0.9939,0.0345,0,-0.0036,-0.0343,0.9994,0,0,0.3113,0,1]},
{"frame":132,"values":[0.9951,-0.0988,0,0,0.0988,0.9945,0.0345,0,-0.0034,-0.0343,0.9994,0,0,0.3113,0,1]},
{"frame":133,"values":[0.9967,-0.0817,0,0,0.0817,0.9961,0.0345,0,-0.0028,-0.0343,0.9994,0,0,0.3113,0,1]},
{"frame":134,"values":[0.9985,-0.0541,0,0,0.0541,0.9979,0.0345,0,-0.0019,-0.0344,0.9994,0,0,0.3113,0,1]},
{"frame":135,"values":[0.9998,-0.019,0,0,0.019,0.9992,0.0345,0,-0.0007,-0.0345,0.9994,0,0,0.3113,0,1]},
{"frame":136,"values":[0.9998,0.019,0,0,-0.019,0.9992,0.0345,0,0.0007,-0.0345,0.9994,0,0,0.3113,0,1]},
{"frame":137,"values":[0.9985,0.0541,0,0,-0.0541,0.9979,0.0345,0,0.0019,-0.0344,0.9994,0,0,0.3113,0,1]},
{"frame":138,"values":[0.9967,0.0817,0,0,-0.0817,0.9961,0.0345,0,0.0028,-0.0343,0.9994,0,0,0.3113,0,1]},
{"frame":139,"values":[0.9951,0.0988,0,0,-0.0988,0.9945,0.0345,0,0.0034,-0.0343,0.9994,0,0,0.3113,0,1]},
{"frame":140,"values":[0.9945,0.1045,0,0,-0.1045,0.9939,0.0345,0,0.0036,-0.0343,0.9994,0,0,0.3113,0,1]},
{"frame":141,"values":[0.995,0.0999,0,0,-0.0999,0.9944,0.0345,0,0.0034,-0.0343,0.9994,0,0,0.3113,0,1]},
{"frame":142,"values":[0.9963,0.086,0,0,-0.086,0.9957,0.0345,0,0.003,-0.0343,0.9994,0,0,0.3113,0,1]},
{"frame":143,"values":[0.998,0.0634,0,0,-0.0633,0.9974,0.0345,0,0.0022,-0.0344,0.9994,0,0,0.3113,0,1]},
{"frame":144,"values":[0.9994,0.0337,0,0,-0.0337,0.9988,0.0345,0,0.0012,-0.0344,0.9994,0,0,0.3113,0,1]},
{"frame":145,"values":[1,0,0,0,0,0.9994,0.0345,0,0,-0.0345,0.9994,0,0,0.3113,0,1]},
{"frame":146,"values":[0.9994,-0.0337,0,0,0.0337,0.9988,0.0345,0,-0.0012,-0.0344,0.9994,0,0,0.3113,0,1]},
{"frame":147,"values":[0.998,-0.0634,0,0,0.0633,0.9974,0.0345,0,-0.0022,-0.0344,0.9994,0,0,0.3113,0,1]},
{"frame":148,"values":[0.9963,-0.086,0,0,0.086,0.9957,0.0345,0,-0.003,-0.0343,0.9994,0,0,0.3113,0,1]},
{"frame":149,"values":[0.995,-0.0999,0,0,0.0999,0.9944,0.0345,0,-0.0034,-0.0343,0.9994,0,0,0.3113,0,1]},
{"frame":150,"values":[0.9945,-0.1045,0,0,0.1045,0.9939,0.0345,0,-0.0036,-0.0343,0.9994,0,0,0.3113,0,1]}],"loopBehavior":1,"name":"anim","property":"_matrix"}},
{"name":"Bone.003","index":3,"matrix":[0.9988,-0.0494,0.0017,0,0.0488,0.9801,-0.1922,0,0.0078,0.192,0.9814,0,0,0.3032,0,1],"rest":[1,0,0,0,0,0.9814,-0.1922,0,0,0.1922,0.9814,0,0,0.3032,0,1],"parentBoneIndex":2,"length":0.3465
,"animation":{"dataType":3,"framePerSecond":24,"keys":[
{"frame":1,"values":[1,0,0,0,0,0.9814,-0.1922,0,0,0.1922,0.9814,0,0,0.3032,0,1]},
{"frame":120,"values":[1,0,0,0,0,0.9814,-0.1922,0,0,0.1922,0.9814,0,0,0.3032,0,1]},
{"frame":131,"values":[0.9986,-0.0523,0.0018,0,0.0517,0.98,-0.1922,0,0.0083,0.192,0.9814,0,0,0.3032,0,1]},
{"frame":132,"values":[0.9988,-0.0494,0.0017,0,0.0488,0.9801,-0.1922,0,0.0078,0.192,0.9814,0,0,0.3032,0,1]},
{"frame":133,"values":[0.9992,-0.0409,0.0014,0,0.0404,0.9805,-0.1922,0,0.0065,0.1921,0.9814,0,0,0.3032,0,1]},
{"frame":134,"values":[0.9996,-0.027,0.0009,0,0.0267,0.981,-0.1922,0,0.0043,0.1922,0.9814,0,0,0.3032,0,1]},
{"frame":135,"values":[1,-0.0095,0.0003,0,0.0094,0.9813,-0.1922,0,0.0015,0.1922,0.9814,0,0,0.3032,0,1]},
{"frame":136,"values":[1,0.0095,-0.0003,0,-0.0094,0.9813,-0.1922,0,-0.0015,0.1922,0.9814,0,0,0.3032,0,1]},
{"frame":137,"values":[0.9996,0.027,-0.0009,0,-0.0267,0.981,-0.1922,0,-0.0043,0.1922,0.9814,0,0,0.3032,0,1]},
{"frame":138,"values":[0.9992,0.0409,-0.0014,0,-0.0404,0.9805,-0.1922,0,-0.0065,0.1921,0.9814,0,0,0.3032,0,1]},
{"frame":139,"values":[0.9988,0.0494,-0.0017,0,-0.0488,0.9801,-0.1922,0,-0.0078,0.192,0.9814,0,0,0.3032,0,1]},
{"frame":140,"values":[0.9986,0.0523,-0.0018,0,-0.0517,0.98,-0.1922,0,-0.0083,0.192,0.9814,0,0,0.3032,0,1]},
{"frame":141,"values":[0.9987,0.05,-0.0017,0,-0.0494,0.9801,-0.1922,0,-0.0079,0.192,0.9814,0,0,0.3032,0,1]},
{"frame":142,"values":[0.9991,0.043,-0.0015,0,-0.0425,0.9804,-0.1922,0,-0.0068,0.1921,0.9814,0,0,0.3032,0,1]},
{"frame":143,"values":[0.9995,0.0317,-0.0011,0,-0.0313,0.9809,-0.1922,0,-0.005,0.1921,0.9814,0,0,0.3032,0,1]},
{"frame":144,"values":[0.9999,0.0168,-0.0006,0,-0.0166,0.9812,-0.1922,0,-0.0027,0.1922,0.9814,0,0,0.3032,0,1]},
{"frame":145,"values":[1,0,0,0,0,0.9814,-0.1922,0,0,0.1922,0.9814,0,0,0.3032,0,1]},
{"frame":146,"values":[0.9999,-0.0168,0.0006,0,0.0166,0.9812,-0.1922,0,0.0027,0.1922,0.9814,0,0,0.3032,0,1]},
{"frame":147,"values":[0.9995,-0.0317,0.0011,0,0.0313,0.9809,-0.1922,0,0.005,0.1921,0.9814,0,0,0.3032,0,1]},
{"frame":148,"values":[0.9991,-0.043,0.0015,0,0.0425,0.9804,-0.1922,0,0.0068,0.1921,0.9814,0,0,0.3032,0,1]},
{"frame":149,"values":[0.9987,-0.05,0.0017,0,0.0494,0.9801,-0.1922,0,0.0079,0.192,0.9814,0,0,0.3032,0,1]},
{"frame":150,"values":[0.9986,-0.0523,0.0018,0,0.0517,0.98,-0.1922,0,0.0083,0.192,0.9814,0,0,0.3032,0,1]}],"loopBehavior":1,"name":"anim","property":"_matrix"}},
{"name":"Bone.004","index":4,"matrix":[1,0,0,0,0,0.9997,0.0252,0,0,-0.0252,0.9997,0,0,0.3465,0,1],"rest":[1,0,0,0,0,0.9997,0.0252,0,0,-0.0252,0.9997,0,0,0.3465,0,1],"parentBoneIndex":3,"length":0.4507
,"animation":{"dataType":3,"framePerSecond":24,"keys":[
{"frame":1,"values":[1,0,0,0,0,0.9997,0.0252,0,0,-0.0252,0.9997,0,0,0.3465,0,1]},
{"frame":2,"values":[1,0,0,0,0,0.9997,0.0247,0,0,-0.0247,0.9997,0,0,0.3465,0,1]},
{"frame":3,"values":[1,0,0,0,0,0.9997,0.0231,0,0,-0.0231,0.9997,0,0,0.3465,0,1]},
{"frame":4,"values":[1,0,0,0,0,0.9998,0.0205,0,0,-0.0205,0.9998,0,0,0.3465,0,1]},
{"frame":5,"values":[1,0,0,0,0,0.9999,0.0167,0,0,-0.0167,0.9999,0,0,0.3465,0,1]},
{"frame":6,"values":[1,-0.0001,0,0,0.0001,0.9999,0.0119,0,0,-0.0119,0.9999,0,0,0.3465,0,1]},
{"frame":7,"values":[1,-0.0001,0.0001,0,0.0001,1,0.006,0,-0.0001,-0.006,1,0,0,0.3465,0,1]},
{"frame":8,"values":[1,-0.0002,0.0001,0,0.0002,1,-0.001,0,-0.0001,0.001,1,0,0,0.3465,0,1]},
{"frame":9,"values":[1,-0.0003,0.0002,0,0.0003,1,-0.009,0,-0.0002,0.009,1,0,0,0.3465,0,1]},
{"frame":10,"values":[1,-0.0004,0.0003,0,0.0004,0.9998,-0.0181,0,-0.0003,0.0181,0.9998,0,0,0.3465,0,1]},
{"frame":11,"values":[1,-0.0006,0.0004,0,0.0006,0.9996,-0.0282,0,-0.0004,0.0282,0.9996,0,0,0.3465,0,1]},
{"frame":12,"values":[1,-0.0008,0.0006,0,0.0008,0.9992,-0.0393,0,-0.0006,0.0393,0.9992,0,0,0.3465,0,1]},
{"frame":13,"values":[1,-0.0011,0.0008,0,0.0011,0.9987,-0.0514,0,-0.0007,0.0514,0.9987,0,0,0.3465,0,1]},
{"frame":14,"values":[1,-0.0014,0.001,0,0.0015,0.9979,-0.0645,0,-0.0009,0.0645,0.9979,0,0,0.3465,0,1]},
{"frame":15,"values":[1,-0.0018,0.0013,0,0.0019,0.9969,-0.0784,0,-0.0012,0.0784,0.9969,0,0,0.3465,0,1]},
{"frame":16,"values":[1,-0.0022,0.0017,0,0.0024,0.9956,-0.0932,0,-0.0015,0.0932,0.9956,0,0,0.3465,0,1]},
{"frame":17,"values":[1,-0.0027,0.0021,0,0.0029,0.9941,-0.1087,0,-0.0018,0.1087,0.9941,0,0,0.3465,0,1]},
{"frame":18,"values":[1,-0.0033,0.0026,0,0.0036,0.9922,-0.1249,0,-0.0022,0.1249,0.9922,0,0,0.3465,0,1]},
{"frame":19,"values":[1,-0.004,0.0032,0,0.0044,0.9899,-0.1418,0,-0.0026,0.1418,0.9899,0,0,0.3465,0,1]},
{"frame":20,"values":[1,-0.0047,0.0038,0,0.0052,0.9872,-0.1592,0,-0.003,0.1592,0.9872,0,0,0.3465,0,1]},
{"frame":21,"values":[1,-0.0055,0.0046,0,0.0062,0.9842,-0.177,0,-0.0035,0.177,0.9842,0,0,0.3465,0,1]},
{"frame":22,"values":[1,-0.0064,0.0055,0,0.0074,0.9807,-0.1952,0,-0.0041,0.1952,0.9808,0,0,0.3465,0,1]},
{"frame":23,"values":[1,-0.0074,0.0064,0,0.0086,0.9769,-0.2136,0,-0.0047,0.2137,0.9769,0,0,0.3465,0,1]},
{"frame":24,"values":[0.9999,-0.0085,0.0075,0,0.0101,0.9726,-0.2322,0,-0.0053,0.2323,0.9726,0,0,0.3465,0,1]},
{"frame":25,"values":[0.9999,-0.0097,0.0087,0,0.0116,0.968,-0.2508,0,-0.006,0.2509,0.968,0,0,0.3465,0,1]},
{"frame":26,"values":[0.9999,-0.011,0.0101,0,0.0133,0.9629,-0.2694,0,-0.0068,0.2695,0.963,0,0,0.3465,0,1]},
{"frame":27,"values":[0.9999,-0.0124,0.0116,0,0.0152,0.9576,-0.2878,0,-0.0075,0.288,0.9576,0,0,0.3465,0,1]},
{"frame":28,"values":[0.9998,-0.0139,0.0132,0,0.0173,0.9519,-0.306,0,-0.0083,0.3062,0.9519,0,0,0.3465,0,1]},
{"frame":29,"values":[0.9998,-0.0155,0.015,0,0.0195,0.9459,-0.3238,0,-0.0092,0.324,0.946,0,0,0.3465,0,1]},
{"frame":30,"values":[0.9997,-0.0172,0.017,0,0.0219,0.9397,-0.3412,0,-0.0101,0.3415,0.9398,0,0,0.3465,0,1]},
{"frame":31,"values":[0.9996,-0.0189,0.019,0,0.0245,0.9334,-0.3581,0,-0.011,0.3584,0.9335,0,0,0.3465,0,1]},
{"frame":32,"values":[0.9996,-0.0208,0.0213,0,0.0273,0.9269,-0.3744,0,-0.0119,0.3748,0.927,0,0,0.3465,0,1]},
{"frame":33,"values":[0.9995,-0.0228,0.0237,0,0.0302,0.9203,-0.39,0,-0.0129,0.3905,0.9205,0,0,0.3465,0,1]},
{"frame":34,"values":[0.9993,-0.0248,0.0263,0,0.0334,0.9137,-0.405,0,-0.0139,0.4056,0.9139,0,0,0.3465,0,1]},
{"frame":35,"values":[0.9992,-0.027,0.029,0,0.0367,0.9072,-0.4192,0,-0.015,0.4199,0.9074,0,0,0.3465,0,1]},
{"frame":36,"values":[0.9991,-0.0292,0.0319,0,0.0402,0.9007,-0.4326,0,-0.0161,0.4334,0.901,0,0,0.3465,0,1]},
{"frame":37,"values":[0.9989,-0.0316,0.0349,0,0.0438,0.8944,-0.4451,0,-0.0172,0.4462,0.8948,0,0,0.3465,0,1]},
{"frame":38,"values":[0.9987,-0.034,0.0381,0,0.0477,0.8883,-0.4569,0,-0.0183,0.4581,0.8887,0,0,0.3465,0,1]},
{"frame":39,"values":[0.9985,-0.0365,0.0415,0,0.0517,0.8824,-0.4677,0,-0.0195,0.4691,0.8829,0,0,0.3465,0,1]},
{"frame":40,"values":[0.9982,-0.0391,0.045,0,0.0559,0.8768,-0.4777,0,-0.0207,0.4793,0.8774,0,0,0.3465,0,1]},
{"frame":41,"values":[0.9979,-0.0419,0.0486,0,0.0603,0.8715,-0.4867,0,-0.022,0.4887,0.8722,0,0,0.3465,0,1]},
{"frame":42,"values":[0.9976,-0.0447,0.0524,0,0.0648,0.8665,-0.4949,0,-0.0233,0.4971,0.8674,0,0,0.3465,0,1]},
{"frame":43,"values":[0.9973,-0.0476,0.0563,0,0.0695,0.862,-0.5022,0,-0.0246,0.5047,0.8629,0,0,0.3465,0,1]},
{"frame":44,"values":[0.9969,-0.0506,0.0603,0,0.0743,0.8578,-0.5085,0,-0.026,0.5115,0.8589,0,0,0.3465,0,1]},
{"frame":45,"values":[0.9965,-0.0537,0.0645,0,0.0793,0.8541,-0.514,0,-0.0275,0.5173,0.8554,0,0,0.3465,0,1]},
{"frame":46,"values":[0.996,-0.057,0.0688,0,0.0845,0.8508,-0.5186,0,-0.029,0.5223,0.8522,0,0,0.3465,0,1]},
{"frame":47,"values":[0.9955,-0.0603,0.0732,0,0.0898,0.848,-0.5223,0,-0.0306,0.5265,0.8496,0,0,0.3465,0,1]},
{"frame":48,"values":[0.9949,-0.0638,0.0777,0,0.0952,0.8457,-0.5251,0,-0.0322,0.5298,0.8475,0,0,0.3465,0,1]},
{"frame":49,"values":[0.9943,-0.0674,0.0823,0,0.1008,0.8438,-0.527,0,-0.0339,0.5323,0.8459,0,0,0.3465,0,1]},
{"frame":50,"values":[0.9937,-0.0711,0.087,0,0.1066,0.8425,-0.5281,0,-0.0358,0.534,0.8447,0,0,0.3465,0,1]},
{"frame":51,"values":[0.9924,-0.0764,0.0967,0,0.1159,0.845,-0.5221,0,-0.0418,0.5293,0.8474,0,0,0.3465,0,1]},
{"frame":52,"values":[0.9896,-0.0849,0.1162,0,0.1323,0.8547,-0.502,0,-0.0567,0.5122,0.857,0,0,0.3465,0,1]},
{"frame":53,"values":[0.9845,-0.0977,0.1459,0,0.1555,0.8709,-0.4663,0,-0.0815,0.4817,0.8725,0,0,0.3465,0,1]},
{"frame":54,"values":[0.9758,-0.1161,0.1853,0,0.1845,0.8921,-0.4126,0,-0.1174,0.4368,0.8919,0,0,0.3465,0,1]},
{"frame":55,"values":[0.9619,-0.142,0.2337,0,0.2174,0.9155,-0.3385,0,-0.1659,0.3764,0.9115,0,0,0.3465,0,1]},
{"frame":56,"values":[0.9408,-0.1774,0.2889,0,0.251,0.9372,-0.242,0,-0.2278,0.3002,0.9263,0,0,0.3465,0,1]},
{"frame":57,"values":[0.9106,-0.2241,0.3473,0,0.2811,0.9518,-0.1228,0,-0.303,0.2095,0.9297,0,0,0.3465,0,1]},
{"frame":58,"values":[0.8701,-0.2827,0.4037,0,0.3021,0.9531,0.0162,0,-0.3893,0.1079,0.9148,0,0,0.3465,0,1]},
{"frame":59,"values":[0.8197,-0.3519,0.4519,0,0.3091,0.936,0.1682,0,-0.4822,0.0018,0.8761,0,0,0.3465,0,1]},
{"frame":60,"values":[0.7616,-0.4282,0.4864,0,0.2986,0.898,0.323,0,-0.5751,-0.1007,0.8118,0,0,0.3465,0,1]},
{"frame":61,"values":[0.6998,-0.5064,0.5039,0,0.2707,0.8407,0.4689,0,-0.6611,-0.1917,0.7254,0,0,0.3465,0,1]},
{"frame":62,"values":[0.6389,-0.5807,0.5045,0,0.2287,0.7696,0.5962,0,-0.7345,-0.2655,0.6245,0,0,0.3465,0,1]},
{"frame":63,"values":[0.5832,-0.6468,0.4915,0,0.1783,0.6922,0.6994,0,-0.7925,-0.3202,0.519,0,0,0.3465,0,1]},
{"frame":64,"values":[0.5352,-0.7021,0.4696,0,0.1256,0.616,0.7777,0,-0.8353,-0.3572,0.4179,0,0,0.3465,0,1]},
{"frame":65,"values":[0.4961,-0.7461,0.4441,0,0.0759,0.5468,0.8338,0,-0.8649,-0.38,0.3279,0,0,0.3465,0,1]},
{"frame":66,"values":[0.4659,-0.7793,0.419,0,0.0328,0.4885,0.872,0,-0.8842,-0.3925,0.2532,0,0,0.3465,0,1]},
{"frame":67,"values":[0.4439,-0.8031,0.3974,0,-0.0016,0.4428,0.8966,0,-0.8961,-0.3986,0.1952,0,0,0.3465,0,1]},
{"frame":68,"values":[0.429,-0.819,0.3811,0,-0.0264,0.4104,0.9115,0,-0.9029,-0.4011,0.1544,0,0,0.3465,0,1]},
{"frame":69,"values":[0.4205,-0.8279,0.3711,0,-0.0412,0.3912,0.9194,0,-0.9064,-0.4019,0.1304,0,0,0.3465,0,1]},
{"frame":70,"values":[0.4177,-0.8308,0.3678,0,-0.0461,0.3849,0.9218,0,-0.9074,-0.402,0.1225,0,0,0.3465,0,1]},
{"frame":111,"values":[0.4359,-0.8175,0.3763,0,-0.0325,0.4036,0.9144,0,-0.8994,-0.4108,0.1494,0,0,0.3465,0,1]},
{"frame":112,"values":[0.4919,-0.7741,0.3985,0,0.0069,0.4612,0.8873,0,-0.8706,-0.4337,0.2323,0,0,0.3465,0,1]},
{"frame":113,"values":[0.5855,-0.6925,0.4215,0,0.0642,0.5578,0.8275,0,-0.8082,-0.4574,0.371,0,0,0.3465,0,1]},
{"frame":114,"values":[0.7062,-0.5686,0.4217,0,0.1202,0.6834,0.7201,0,-0.6977,-0.4578,0.551,0,0,0.3465,0,1]},
{"frame":115,"values":[0.8287,-0.4142,0.3764,0,0.1494,0.8119,0.5644,0,-0.5394,-0.4115,0.7347,0,0,0.3465,0,1]},
{"frame":116,"values":[0.9226,-0.26,0.2851,0,0.1374,0.9118,0.387,0,-0.3606,-0.3179,0.8769,0,0,0.3465,0,1]},
{"frame":117,"values":[0.9749,-0.1368,0.1755,0,0.095,0.9691,0.2278,0,-0.2012,-0.2054,0.9578,0,0,0.3465,0,1]},
{"frame":118,"values":[0.9952,-0.056,0.0807,0,0.0468,0.9926,0.1124,0,-0.0864,-0.1081,0.9904,0,0,0.3465,0,1]},
{"frame":119,"values":[0.9997,-0.0131,0.0202,0,0.0121,0.9989,0.0463,0,-0.0208,-0.046,0.9987,0,0,0.3465,0,1]},
{"frame":120,"values":[1,0,0,0,0,0.9997,0.0252,0,0,-0.0252,0.9997,0,0,0.3465,0,1]},
{"frame":131,"values":[1,0,0,0,0,0.9997,0.0252,0,0,-0.0252,0.9997,0,0,0.3465,0,1]},
{"frame":150,"values":[1,0,0,0,0,0.9997,0.0252,0,0,-0.0252,0.9997,0,0,0.3465,0,1]}],"loopBehavior":1,"name":"anim","property":"_matrix"}}]
,"ranges":[{"name":"ArmatureAction","from":0,"to":120},{"name":"FishArmatureAction","from":130,"to":150}]}],
"meshes":[{"name":"Fish","id":"Fish","billboardMode":0,"position":[0,0,0],"rotation":[0,0,0],"scaling":[1,1,1],"isVisible":true,"freezeWorldMatrix":false,"isEnabled":true,"checkCollisions":false,"receiveShadows":false,"tags":"","skeletonId":0,"numBoneInfluencers":5
,"positions":[0.1272,0.017,0.0316,0.1184,0.058,0.2963,0.12,0.0695,0.0124,0.1058,0.1178,0.2882,0.1105,0.1231,-0.0048,0.1242,0.0687,-0.2696,0.1308,0.0056,-0.2329,0.0583,-0.1244,0.0815,-0.0027,-0.1285,0.3288,0.0579,-0.1285,0.3289,0.1136,-0.1154,0.3211,0.1106,-0.1204,0.0815,0.0632,-0.1166,-0.1671,-0.0042,-0.1244,0.08,0.0855,0.1532,-0.2011,0.0884,0.1548,-0.0104,0.0784,0.1564,0.1802
