{"producer":{"name":"Blender","version":"2.78 (sub 0)","exporter_version":"5.4.2","file":"turtle.babylon"},
"autoClear":true,"clearColor":[0.0509,0.0509,0.0509],"ambientColor":[0,0,0],"gravity":[0,-9.81,0],
"materials":[],
"multiMaterials":[],
"skeletons":[{"name":"TurtleArmature","id":0,"dimensionsAtRest":[1.75,0.1823,1.9891],"bones":[
{"name":"Bone","index":0,"matrix":[0.9964,-0.085,0,0,-0.0012,-0.0142,0.9999,0,0.085,0.9963,0.0143,0,0,0.0096,-0.3949,1],"rest":[1,0,0,0,0,-0.0143,0.9999,0,0,0.9999,0.0143,0,0,0.0096,-0.3949,1],"parentBoneIndex":-1,"length":0.7579
,"animation":{"dataType":3,"framePerSecond":24,"keys":[
{"frame":1,"values":[0.9962,-0.0872,0,0,-0.0012,-0.0142,0.9999,0,0.0871,0.9961,0.0143,0,0,0.0096,-0.3949,1]},
{"frame":2,"values":[0.9962,-0.0866,0,0,-0.0012,-0.0142,0.9999,0,0.0866,0.9961,0.0143,0,0,0.0096,-0.3949,1]},
{"frame":3,"values":[0.9964,-0.085,0,0,-0.0012,-0.0142,0.9999,0,0.085,0.9963,0.0143,0,0,0.0096,-0.3949,1]},
{"frame":4,"values":[0.9966,-0.0822,0,0,-0.0012,-0.0143,0.9999,0,0.0822,0.9965,0.0143,0,0,0.0096,-0.3949,1]},
{"frame":5,"values":[0.9969,-0.0783,0,0,-0.0011,-0.0143,0.9999,0,0.0783,0.9968,0.0143,0,0,0.0096,-0.3949,1]},
{"frame":6,"values":[0.9973,-0.0732,0,0,-0.001,-0.0143,0.9999,0,0.0732,0.9972,0.0143,0,0,0.0096,-0.3949,1]},
{"frame":7,"values":[0.9977,-0.0671,0,0,-0.001,-0.0143,0.9999,0,0.0671,0.9976,0.0143,0,0,0.0096,-0.3949,1]},
{"frame":8,"values":[0.9982,-0.0601,0,0,-0.0009,-0.0143,0.9999,0,0.0601,0.9981,0.0143,0,0,0.0096,-0.3949,1]},
{"frame":9,"values":[0.9986,-0.0525,0,0,-0.0008,-0.0143,0.9999,0,0.0525,0.9985,0.0143,0,0,0.0096,-0.3949,1]},
{"frame":10,"values":[0.999,-0.0444,0,0,-0.0006,-0.0143,0.9999,0,0.0444,0.9989,0.0143,0,0,0.0096,-0.3949,1]},
{"frame":11,"values":[0.9993,-0.0362,0,0,-0.0005,-0.0143,0.9999,0,0.0362,0.9992,0.0143,0,0,0.0096,-0.3949,1]},
{"frame":12,"values":[0.9996,-0.0281,0,0,-0.0004,-0.0143,0.9999,0,0.0281,0.9995,0.0143,0,0,0.0096,-0.3949,1]},
{"frame":13,"values":[0.9998,-0.0203,0,0,-0.0003,-0.0143,0.9999,0,0.0203,0.9997,0.0143,0,0,0.0096,-0.3949,1]},
{"frame":14,"values":[0.9999,-0.0129,0,0,-0.0002,-0.0143,0.9999,0,0.0129,0.9998,0.0143,0,0,0.0096,-0.3949,1]},
{"frame":15,"values":[1,-0.0061,0,0,-0.0001,-0.0143,0.9999,0,0.0061,0.9999,0.0143,0,0,0.0096,-0.3949,1]},
{"frame":16,"values":[1,0,0,0,0,-0.0143,0.9999,0,0,0.9999,0.0143,0,0,0.0096,-0.3949,1]},
{"frame":17,"values":[1,0.0061,0,0,0.0001,-0.0143,0.9999,0,-0.0061,0.9999,0.0143,0,0,0.0096,-0.3949,1]},
{"frame":18,"values":[0.9999,0.0129,0,0,0.0002,-0.0143,0.9999,0,-0.0129,0.9998,0.0143,0,0,0.0096,-0.3949,1]},
{"frame":19,"values":[0.9998,0.0203,0,0,0.0003,-0.0143,0.9999,0,-0.0203,0.9997,0.0143,0,0,0.0096,-0.3949,1]},
{"frame":20,"values":[0.9996,0.0281,0,0,0.0004,-0.0143,0.9999,0,-0.0281,0.9995,0.0143,0,0,0.0096,-0.3949,1]},
{"frame":21,"values":[0.9993,0.0362,0,0,0.0005,-0.0143,0.9999,0,-0.0362,0.9992,0.0143,0,0,0.0096,-0.3949,1]},
{"frame":22,"values":[0.999,0.0444,0,0,0.0006,-0.0143,0.9999,0,-0.0444,0.9989,0.0143,0,0,0.0096,-0.3949,1]},
{"frame":23,"values":[0.9986,0.0525,0,0,0.0008,-0.0143,0.9999,0,-0.0525,0.9985,0.0143,0,0,0.0096,-0.3949,1]},
{"frame":24,"values":[0.9982,0.0601,0,0,0.0009,-0.0143,0.9999,0,-0.0601,0.9981,0.0143,0,0,0.0096,-0.3949,1]},
{"frame":25,"values":[0.9977,0.0671,0,0,0.001,-0.0143,0.9999,0,-0.0671,0.9976,0.0143,0,0,0.0096,-0.3949,1]},
{"frame":26,"values":[0.9973,0.0732,0,0,0.001,-0.0143,0.9999,0,-0.0732,0.9972,0.0143,0,0,0.0096,-0.3949,1]},
{"frame":27,"values":[0.9969,0.0783,0,0,0.0011,-0.0143,0.9999,0,-0.0783,0.9968,0.0143,0,0,0.0096,-0.3949,1]},
{"frame":28,"values":[0.9966,0.0822,0,0,0.0012,-0.0143,0.9999,0,-0.0822,0.9965,0.0143,0,0,0.0096,-0.3949,1]},
{"frame":29,"values":[0.9964,0.085,0,0,0.0012,-0.0142,0.9999,0,-0.085,0.9963,0.0143,0,0,0.0096,-0.3949,1]},
{"frame":30,"values":[0.9962,0.0866,0,0,0.0012,-0.0142,0.9999,0,-0.0866,0.9961,0.0143,0,0,0.0096,-0.3949,1]},
{"frame":31,"values":[0.9962,0.0872,0,0,0.0012,-0.0142,0.9999,0,-0.0871,0.9961,0.0143,0,0,0.0096,-0.3949,1]},
{"frame":32,"values":[0.9962,0.0866,0,0,0.0012,-0.0142,0.9999,0,-0.0866,0.9961,0.0143,0,0,0.0096,-0.3949,1]},
{"frame":33,"values":[0.9964,0.085,0,0,0.0012,-0.0142,0.9999,0,-0.085,0.9963,0.0143,0,0,0.0096,-0.3949,1]},
{"frame":34,"values":[0.9966,0.0823,0,0,0.0012,-0.0143,0.9999,0,-0.0823,0.9965,0.0143,0,0,0.0096,-0.3949,1]},
{"frame":35,"values":[0.9969,0.0785,0,0,0.0011,-0.0143,0.9999,0,-0.0785,0.9968,0.0143,0,0,0.0096,-0.3949,1]},
{"frame":36,"values":[0.9973,0.0735,0,0,0.0011,-0.0143,0.9999,0,-0.0735,0.9972,0.0143,0,0,0.0096,-0.3949,1]},
{"frame":37,"values":[0.9977,0.0675,0,0,0.001,-0.0143,0.9999,0,-0.0675,0.9976,0.0143,0,0,0.0096,-0.3949,1]},
{"frame":38,"values":[0.9982,0.0606,0,0,0.0009,-0.0143,0.9999,0,-0.0605,0.9981,0.0143,0,0,0.0096,-0.3949,1]},
{"frame":39,"values":[0.9986,0.053,0,0,0.0008,-0.0143,0.9999,0,-0.053,0.9985,0.0143,0,0,0.0096,-0.3949,1]},
{"frame":40,"values":[0.999,0.0449,0,0,0.0006,-0.0143,0.9999,0,-0.0449,0.9989,0.0143,0,0,0.0096,-0.3949,1]},
{"frame":41,"values":[0.9993,0.0367,0,0,0.0005,-0.0143,0.9999,0,-0.0367,0.9992,0.0143,0,0,0.0096,-0.3949,1]},
{"frame":42,"values":[0.9996,0.0286,0,0,0.0004,-0.0143,0.9999,0,-0.0286,0.9995,0.0143,0,0,0.0096,-0.3949,1]},
{"frame":43,"values":[0.9998,0.0207,0,0,0.0003,-0.0143,0.9999,0,-0.0207,0.9997,0.0143,0,0,0.0096,-0.3949,1]},
{"frame":44,"values":[0.9999,0.0133,0,0,0.0002,-0.0143,0.9999,0,-0.0133,0.9998,0.0143,0,0,0.0096,-0.3949,1]},
{"frame":45,"values":[1,0.0063,0,0,0.0001,-0.0143,0.9999,0,-0.0063,0.9999,0.0143,0,0,0.0096,-0.3949,1]},
{"frame":46,"values":[1,0,0,0,0,-0.0143,0.9999,0,0,0.9999,0.0143,0,0,0.0096,-0.3949,1]},
{"frame":47,"values":[1,-0.0064,0,0,-0.0001,-0.0143,0.9999,0,0.0064,0.9999,0.0143,0,0,0.0096,-0.3949,1]},
{"frame":48,"values":[0.9999,-0.0136,0,0,-0.0002,-0.0143,0.9999,0,0.0136,0.9998,0.0143,0,0,0.0096,-0.3949,1]},
{"frame":49,"values":[0.9998,-0.0215,0,0,-0.0003,-0.0143,0.9999,0,0.0215,0.9997,0.0143,0,0,0.0096,-0.3949,1]},
{"frame":50,"values":[0.9996,-0.0299,0,0,-0.0004,-0.0143,0.9999,0,0.0299,0.9995,0.0143,0,0,0.0096,-0.3949,1]},
{"frame":51,"values":[0.9993,-0.0386,0,0,-0.0006,-0.0143,0.9999,0,0.0386,0.9992,0.0143,0,0,0.0096,-0.3949,1]},
{"frame":52,"values":[0.9989,-0.0474,0,0,-0.0007,-0.0143,0.9999,0,0.0474,0.9988,0.0143,0,0,0.0096,-0.3949,1]},
{"frame":53,"values":[0.9984,-0.0559,0,0,-0.0008,-0.0143,0.9999,0,0.0559,0.9983,0.0143,0,0,0.0096,-0.3949,1]},
{"frame":54,"values":[0.998,-0.0639,0,0,-0.0009,-0.0143,0.9999,0,0.0639,0.9979,0.0143,0,0,0.0096,-0.3949,1]},
{"frame":55,"values":[0.9975,-0.0709,0,0,-0.001,-0.0143,0.9999,0,0.0709,0.9974,0.0143,0,0,0.0096,-0.3949,1]},
{"frame":56,"values":[0.997,-0.0768,0,0,-0.0011,-0.0143,0.9999,0,0.0768,0.9969,0.0143,0,0,0.0096,-0.3949,1]},
{"frame":57,"values":[0.9967,-0.0814,0,0,-0.0012,-0.0143,0.9999,0,0.0814,0.9966,0.0143,0,0,0.0096,-0.3949,1]},
{"frame":58,"values":[0.9964,-0.0846,0,0,-0.0012,-0.0142,0.9999,0,0.0846,0.9963,0.0143,0,0,0.0096,-0.3949,1]},
{"frame":59,"values":[0.9962,-0.0865,0,0,-0.0012,-0.0142,0.9999,0,0.0865,0.9961,0.0143,0,0,0.0096,-0.3949,1]},
{"frame":60,"values":[0.9962,-0.0872,0,0,-0.0012,-0.0142,0.9999,0,0.0871,0.9961,0.0143,0,0,0.0096,-0.3949,1]}],"loopBehavior":1,"name":"anim","property":"_matrix"}},
{"name":"Bone.001","index":1,"matrix":[-0.5128,-0.0853,-0.8543,0,0.0869,-0.9951,0.0472,0,-0.8541,-0.05,0.5177,0,0.2923,-0.0182,-0.1028,1],"rest":[-0.0901,0.0785,-0.9928,0,0.8092,-0.5753,-0.119,0,-0.5805,-0.8141,-0.0116,0,0.2923,-0.0182,-0.1028,1],"parentBoneIndex":0,"length":0.7201
,"animation":{"dataType":3,"framePerSecond":24,"keys":[
{"frame":1,"values":[-0.5128,-0.1027,-0.8524,0,0.0869,-0.9939,0.0676,0,-0.8541,-0.0394,0.5186,0,0.2923,-0.0182,-0.1028,1]},
{"frame":2,"values":[-0.5128,-0.0984,-0.8529,0,0.0869,-0.9943,0.0625,0,-0.8541,-0.042,0.5184,0,0.2923,-0.0182,-0.1028,1]},
{"frame":3,"values":[-0.5128,-0.0853,-0.8543,0,0.0869,-0.9951,0.0472,0,-0.8541,-0.05,0.5177,0,0.2923,-0.0182,-0.1028,1]},
{"frame":4,"values":[-0.5128,-0.0633,-0.8562,0,0.0869,-0.996,0.0216,0,-0.8541,-0.0633,0.5162,0,0.2923,-0.0182,-0.1028,1]},
{"frame":5,"values":[-0.5128,-0.0329,-0.8579,0,0.0869,-0.9961,-0.0137,0,-0.8541,-0.0816,0.5136,0,0.2923,-0.0182,-0.1028,1]},
{"frame":6,"values":[-0.5128,0.0051,-0.8585,0,0.0869,-0.9945,-0.0578,0,-0.8541,-0.1042,0.5095,0,0.2923,-0.0182,-0.1028,1]},
{"frame":7,"values":[-0.5128,0.0491,-0.8571,0,0.0869,-0.9903,-0.1087,0,-0.8541,-0.1302,0.5035,0,0.2923,-0.0182,-0.1028,1]},
{"frame":8,"values":[-0.5128,0.0969,-0.853,0,0.0869,-0.9827,-0.1638,0,-0.8541,-0.1581,0.4955,0,0.2923,-0.0182,-0.1028,1]},
{"frame":9,"values":[-0.5128,0.1457,-0.8461,0,0.0869,-0.9716,-0.22,0,-0.8541,-0.1863,0.4856,0,0.2923,-0.0182,-0.1028,1]},
{"frame":10,"values":[-0.5128,0.1927,-0.8366,0,0.0869,-0.9578,-0.2739,0,-0.8541,-0.2131,0.4744,0,0.2923,-0.0182,-0.1028,1]},
{"frame":11,"values":[-0.5128,0.2354,-0.8256,0,0.0869,-0.9425,-0.3226,0,-0.8541,-0.2372,0.4629,0,0.2923,-0.0182,-0.1028,1]},
{"frame":12,"values":[-0.5128,0.2717,-0.8144,0,0.0869,-0.9273,-0.364,0,-0.8541,-0.2574,0.4519,0,0.2923,-0.0182,-0.1028,1]},
{"frame":13,"values":[-0.5128,0.3004,-0.8043,0,0.0869,-0.9138,-0.3967,0,-0.8541,-0.2733,0.4425,0,0.2923,-0.0182,-0.1028,1]},
{"frame":14,"values":[-0.5128,0.321,-0.7963,0,0.0869,-0.9033,-0.42,0,-0.8541,-0.2846,0.4353,0,0.2923,-0.0182,-0.1028,1]},
{"frame":15,"values":[-0.5128,0.3332,-0.7912,0,0.0869,-0.8968,-0.4339,0,-0.8541,-0.2912,0.4309,0,0.2923,-0.0182,-0.1028,1]},
{"frame":16,"values":[-0.5128,0.3372,-0.7895,0,0.0869,-0.8945,-0.4385,0,-0.8541,-0.2934,0.4294,0,0.2923,-0.0182,-0.1028,1]},
{"frame":17,"values":[-0.5128,0.3326,-0.7915,0,0.0869,-0.8971,-0.4332,0,-0.8541,-0.2909,0.4311,0,0.2923,-0.0182,-0.1028,1]},
{"frame":18,"values":[-0.5128,0.3185,-0.7972,0,0.0869,-0.9046,-0.4173,0,-0.8541,-0.2832,0.4362,0,0.2923,-0.0182,-0.1028,1]},
{"frame":19,"values":[-0.5128,0.2949,-0.8063,0,0.0869,-0.9165,-0.3905,0,-0.8541,-0.2703,0.4443,0,0.2923,-0.0182,-0.1028,1]},
{"frame":20,"values":[-0.5128,0.262,-0.8176,0,0.0869,-0.9316,-0.3531,0,-0.8541,-0.2521,0.4549,0,0.2923,-0.0182,-0.1028,1]},
{"frame":21,"values":[-0.5128,0.2208,-0.8297,0,0.0869,-0.9481,-0.306,0,-0.8541,-0.229,0.467,0,0.2923,-0.0182,-0.1028,1]},
{"frame":22,"values":[-0.5128,0.173,-0.8409,0,0.0869,-0.964,-0.2513,0,-0.8541,-0.2019,0.4793,0,0.2923,-0.0182,-0.1028,1]},
{"frame":23,"values":[-0.5128,0.1214,-0.8499,0,0.0869,-0.9775,-0.192,0,-0.8541,-0.1723,0.4907,0,0.2923,-0.0182,-0.1028,1]},
{"frame":24,"values":[-0.5128,0.0693,-0.8557,0,0.0869,-0.9874,-0.132,0,-0.8541,-0.142,0.5003,0,0.2923,-0.0182,-0.1028,1]},
{"frame":25,"values":[-0.5128,0.0202,-0.8583,0,0.0869,-0.9934,-0.0753,0,-0.8541,-0.1132,0.5076,0,0.2923,-0.0182,-0.1028,1]},
{"frame":26,"values":[-0.5128,-0.0228,-0.8582,0,0.0869,-0.9959,-0.0255,0,-0.8541,-0.0876,0.5126,0,0.2923,-0.0182,-0.1028,1]},
{"frame":27,"values":[-0.5128,-0.0575,-0.8566,0,0.0869,-0.9961,0.0149,0,-0.8541,-0.0668,0.5158,0,0.2923,-0.0182,-0.1028,1]},
{"frame":28,"values":[-0.5128,-0.0827,-0.8545,0,0.0869,-0.9952,0.0442,0,-0.8541,-0.0516,0.5175,0,0.2923,-0.0182,-0.1028,1]},
{"frame":29,"values":[-0.5128,-0.0978,-0.8529,0,0.0869,-0.9943,0.0618,0,-0.8541,-0.0424,0.5183,0,0.2923,-0.0182,-0.1028,1]},
{"frame":30,"values":[-0.5128,-0.1027,-0.8524,0,0.0869,-0.9939,0.0676,0,-0.8541,-0.0394,0.5186,0,0.2923,-0.0182,-0.1028,1]},
{"frame":31,"values":[-0.5128,-0.0989,-0.8528,0,0.0869,-0.9942,0.0631,0,-0.8541,-0.0417,0.5184,0,0.2923,-0.0182,-0.1028,1]},
{"frame":32,"values":[-0.5128,-0.0874,-0.8541,0,0.0869,-0.995,0.0497,0,-0.8541,-0.0487,0.5178,0,0.2923,-0.0182,-0.1028,1]},
{"frame":33,"values":[-0.5128,-0.0681,-0.8558,0,0.0869,-0.9958,0.0272,0,-0.8541,-0.0604,0.5166,0,0.2923,-0.0182,-0.1028,1]},
{"frame":34,"values":[-0.5128,-0.0413,-0.8575,0,0.0869,-0.9962,-0.004,0,-0.8541,-0.0765,0.5144,0,0.2923,-0.0182,-0.1028,1]},
{"frame":35,"values":[-0.5128,-0.0075,-0.8585,0,0.0869,-0.9953,-0.0432,0,-0.8541,-0.0967,0.511,0,0.2923,-0.0182,-0.1028,1]},
{"frame":36,"values":[-0.5128,0.032,-0.8579,0,0.0869,-0.9922,-0.089,0,-0.8541,-0.1201,0.506,0,0.2923,-0.0182,-0.1028,1]},
{"frame":37,"values":[-0.5128,0.0757,-0.8552,0,0.0869,-0.9864,-0.1394,0,-0.8541,-0.1458,0.4992,0,0.2923,-0.0182,-0.1028,1]},
{"frame":38,"values":[-0.5128,0.1214,-0.8499,0,0.0869,-0.9775,-0.192,0,-0.8541,-0.1723,0.4907,0,0.2923,-0.0182,-0.1028,1]},
{"frame":39,"values":[-0.5128,0.1667,-0.8422,0,0.0869,-0.9659,-0.244,0,-0.8541,-0.1983,0.4808,0,0.2923,-0.0182,-0.1028,1]},
{"frame":40,"values":[-0.5128,0.2094,-0.8326,0,0.0869,-0.9522,-0.2929,0,-0.8541,-0.2225,0.4701,0,0.2923,-0.0182,-0.1028,1]},
{"frame":41,"values":[-0.5128,0.2475,-0.8221,0,0.0869,-0.9377,-0.3365,0,-0.8541,-0.2439,0.4593,0,0.2923,-0.0182,-0.1028,1]},
{"frame":42,"values":[-0.5128,0.2796,-0.8117,0,0.0869,-0.9237,-0.3731,0,-0.8541,-0.2618,0.4494,0,0.2923,-0.0182,-0.1028,1]},
{"frame":43,"values":[-0.5128,0.3049,-0.8026,0,0.0869,-0.9116,-0.4018,0,-0.8541,-0.2758,0.441,0,0.2923,-0.0182,-0.1028,1]},
{"frame":44,"values":[-0.5128,0.3229,-0.7955,0,0.0869,-0.9023,-0.4223,0,-0.8541,-0.2856,0.4346,0,0.2923,-0.0182,-0.1028,1]},
{"frame":45,"values":[-0.5128,0.3337,-0.791,0,0.0869,-0.8965,-0.4345,0,-0.8541,-0.2915,0.4307,0,0.2923,-0.0182,-0.1028,1]},
{"frame":46,"values":[-0.5128,0.3372,-0.7895,0,0.0869,-0.8945,-0.4385,0,-0.8541,-0.2934,0.4294,0,0.2923,-0.0182,-0.1028,1]},
{"frame":47,"values":[-0.5128,0.3326,-0.7915,0,0.0869,-0.8971,-0.4332,0,-0.8541,-0.2909,0.4311,0,0.2923,-0.0182,-0.1028,1]},
{"frame":48,"values":[-0.5128,0.3185,-0.7972,0,0.0869,-0.9046,-0.4173,0,-0.8541,-0.2832,0.4362,0,0.2923,-0.0182,-0.1028,1]},
{"frame":49,"values":[-0.5128,0.2949,-0.8063,0,0.0869,-0.9165,-0.3905,0,-0.8541,-0.2703,0.4443,0,0.2923,-0.0182,-0.1028,1]},
{"frame":50,"values":[-0.5128,0.262,-0.8176,0,0.0869,-0.9316,-0.3531,0,-0.8541,-0.2521,0.4549,0,0.2923,-0.0182,-0.1028,1]},
{"frame":51,"values":[-0.5128,0.2208,-0.8297,0,0.0869,-0.9481,-0.306,0,-0.8541,-0.229,0.467,0,0.2923,-0.0182,-0.1028,1]},
{"frame":52,"values":[-0.5128,0.173,-0.8409,0,0.0869,-0.964,-0.2513,0,-0.8541,-0.2019,0.4793,0,0.2923,-0.0182,-0.1028,1]},
{"frame":53,"values":[-0.5128,0.1214,-0.8499,0,0.0869,-0.9775,-0.192,0,-0.8541,-0.1723,0.4907,0,0.2923,-0.0182,-0.1028,1]},
{"frame":54,"values":[-0.5128,0.0693,-0.8557,0,0.0869,-0.9874,-0.132,0,-0.8541,-0.142,0.5003,0,0.2923,-0.0182,-0.1028,1]},
{"frame":55,"values":[-0.5128,0.0202,-0.8583,0,0.0869,-0.9934,-0.0753,0,-0.8541,-0.1132,0.5076,0,0.2923,-0.0182,-0.1028,1]},
{"frame":56,"values":[-0.5128,-0.0228,-0.8582,0,0.0869,-0.9959,-0.0255,0,-0.8541,-0.0876,0.5126,0,0.2923,-0.0182,-0.1028,1]},
{"frame":57,"values":[-0.5128,-0.0575,-0.8566,0,0.0869,-0.9961,0.0149,0,-0.8541,-0.0668,0.5158,0,0.2923,-0.0182,-0.1028,1]},
{"frame":58,"values":[-0.5128,-0.0827,-0.8545,0,0.0869,-0.9952,0.0442,0,-0.8541,-0.0516,0.5175,0,0.2923,-0.0182,-0.1028,1]},
{"frame":59,"values":[-0.5128,-0.0978,-0.8529,0,0.0869,-0.9943,0.0618,0,-0.8541,-0.0424,0.5183,0,0.2923,-0.0182,-0.1028,1]},
{"frame":60,"values":[-0.5128,-0.1027,-0.8524,0,0.0869,-0.9939,0.0676,0,-0.8541,-0.0394,0.5186,0,0.2923,-0.0182,-0.1028,1]}],"loopBehavior":1,"name":"anim","property":"_matrix"}},
{"name":"Bone.002","index":2,"matrix":[0.5128,0.321,-0.7963,0,-0.0869,-0.9033,-0.42,0,-0.8541,0.2846,-0.4353,0,-0.2923,-0.0182,-0.1028,1],"rest":[0.0901,0.0785,-0.9928,0,-0.8092,-0.5753,-0.119,0,-0.5805,0.8141,0.0116,0,-0.2923,-0.0182,-0.1028,1],"parentBoneIndex":0,"length":0.7201
,"animation":{"dataType":3,"framePerSecond":24,"keys":[
{"frame":1,"values":[0.5128,0.3372,-0.7895,0,-0.0869,-0.8945,-0.4385,0,-0.8541,0.2934,-0.4294,0,-0.2923,-0.0182,-0.1028,1]},
{"frame":2,"values":[0.5128,0.3332,-0.7912,0,-0.0869,-0.8968,-0.4339,0,-0.8541,0.2912,-0.4309,0,-0.2923,-0.0182,-0.1028,1]},
{"frame":3,"values":[0.5128,0.321,-0.7963,0,-0.0869,-0.9033,-0.42,0,-0.8541,0.2846,-0.4353,0,-0.2923,-0.0182,-0.1028,1]},
{"frame":4,"values":[0.5128,0.3004,-0.8043,0,-0.0869,-0.9138,-0.3967,0,-0.8541,0.2733,-0.4425,0,-0.2923,-0.0182,-0.1028,1]},
{"frame":5,"values":[0.5128,0.2717,-0.8144,0,-0.0869,-0.9273,-0.364,0,-0.8541,0.2574,-0.4519,0,-0.2923,-0.0182,-0.1028,1]},
{"frame":6,"values":[0.5128,0.2354,-0.8256,0,-0.0869,-0.9425,-0.3226,0,-0.8541,0.2372,-0.4629,0,-0.2923,-0.0182,-0.1028,1]},
{"frame":7,"values":[0.5128,0.1927,-0.8366,0,-0.0869,-0.9578,-0.2739,0,-0.8541,0.2131,-0.4744,0,-0.2923,-0.0182,-0.1028,1]},
{"frame":8,"values":[0.5128,0.1457,-0.8461,0,-0.0869,-0.9716,-0.22,0,-0.8541,0.1863,-0.4856,0,-0.2923,-0.0182,-0.1028,1]},
{"frame":9,"values":[0.5128,0.0969,-0.853,0,-0.0869,-0.9827,-0.1638,0,-0.8541,0.1581,-0.4955,0,-0.2923,-0.0182,-0.1028,1]},
{"frame":10,"values":[0.5128,0.0491,-0.8571,0,-0.0869,-0.9903,-0.1087,0,-0.8541,0.1302,-0.5035,0,-0.2923,-0.0182,-0.1028,1]},
{"frame":11,"values":[0.5128,0.0051,-0.8585,0,-0.0869,-0.9945,-0.0578,0,-0.8541,0.1042,-0.5095,0,-0.2923,-0.0182,-0.1028,1]},
{"frame":12,"values":[0.5128,-0.0329,-0.8579,0,-0.0869,-0.9961,-0.0137,0,-0.8541,0.0816,-0.5136,0,-0.2923,-0.0182,-0.1028,1]},
{"frame":13,"values":[0.5128,-0.0633,-0.8562,0,-0.0869,-0.996,0.0216,0,-0.8541,0.0633,-0.5162,0,-0.2923,-0.0182,-0.1028,1]},
{"frame":14,"values":[0.5128,-0.0853,-0.8543,0,-0.0869,-0.9951,0.0472,0,-0.8541,0.05,-0.5177,0,-0.2923,-0.0182,-0.1028,1]},
{"frame":15,"values":[0.5128,-0.0984,-0.8529,0,-0.0869,-0.9943,0.0625,0,-0.8541,0.042,-0.5184,0,-0.2923,-0.0182,-0.1028,1]},
{"frame":16,"values":[0.5128,-0.1027,-0.8524,0,-0.0869,-0.9939,0.0676,0,-0.8541,0.0394,-0.5186,0,-0.2923,-0.0182,-0.1028,1]},
{"frame":17,"values":[0.5128,-0.0978,-0.8529,0,-0.0869,-0.9943,0.0618,0,-0.8541,0.0424,-0.5183,0,-0.2923,-0.0182,-0.1028,1]},
{"frame":18,"values":[0.5128,-0.0827,-0.8545,0,-0.0869,-0.9952,0.0442,0,-0.8541,0.0516,-0.5175,0,-0.2923,-0.0182,-0.1028,1]},
{"frame":19,"values":[0.5128,-0.0575,-0.8566,0,-0.0869,-0.9961,0.0149,0,-0.8541,0.0668,-0.5158,0,-0.2923,-0.0182,-0.1028,1]},
{"frame":20,"values":[0.5128,-0.0228,-0.8582,0,-0.0869,-0.9959,-0.0255,0,-0.8541,0.0876,-0.5126,0,-0.2923,-0.0182,-0.1028,1]},
{"frame":21,"values":[0.5128,0.0202,-0.8583,0,-0.0869,-0.9934,-0.0753,0,-0.8541,0.1132,-0.5076,0,-0.2923,-0.0182,-0.1028,1]},
{"frame":22,"values":[0.5128,0.0693,-0.8557,0,-0.0869,-0.9874,-0.132,0,-0.8541,0.142,-0.5003,0,-0.2923,-0.0182,-0.1028,1]},
{"frame":23,"values":[0.5128,0.1214,-0.8499,0,-0.0869,-0.9775,-0.192,0,-0.8541,0.1723,-0.4907,0,-0.2923,-0.0182,-0.1028,1]},
{"frame":24,"values":[0.5128,0.173,-0.8409,0,-0.0869,-0.964,-0.2513,0,-0.8541,0.2019,-0.4793,0,-0.2923,-0.0182,-0.1028,1]},
{"frame":25,"values":[0.5128,0.2208,-0.8297,0,-0.0869,-0.9481,-0.306,0,-0.8541,0.229,-0.467,0,-0.2923,-0.0182,-0.1028,1]},
{"frame":26,"values":[0.5128,0.262,-0.8176,0,-0.0869,-0.9316,-0.3531,0,-0.8541,0.2521,-0.4549,0,-0.2923,-0.0182,-0.1028,1]},
{"frame":27,"values":[0.5128,0.2949,-0.8063,0,-0.0869,-0.9165,-0.3905,0,-0.8541,0.2703,-0.4443,0,-0.2923,-0.0182,-0.1028,1]},
{"frame":28,"values":[0.5128,0.3185,-0.7972,0,-0.0869,-0.9046,-0.4173,0,-0.8541,0.2832,-0.4362,0,-0.2923,-0.0182,-0.1028,1]},
{"frame":29,"values":[0.5128,0.3326,-0.7915,0,-0.0869,-0.8971,-0.4332,0,-0.8541,0.2909,-0.4311,0,-0.2923,-0.0182,-0.1028,1]},
{"frame":30,"values":[0.5128,0.3372,-0.7895,0,-0.0869,-0.8945,-0.4385,0,-0.8541,0.2934,-0.4294,0,-0.2923,-0.0182,-0.1028,1]},
{"frame":31,"values":[0.5128,0.3337,-0.791,0,-0.0869,-0.8965,-0.4345,0,-0.8541,0.2915,-0.4307,0,-0.2923,-0.0182,-0.1028,1]},
{"frame":32,"values":[0.5128,0.3229,-0.7955,0,-0.0869,-0.9023,-0.4223,0,-0.8541,0.2856,-0.4346,0,-0.2923,-0.0182,-0.1028,1]},
{"frame":33,"values":[0.5128,0.3049,-0.8026,0,-0.0869,-0.9116,-0.4018,0,-0.8541,0.2758,-0.441,0,-0.2923,-0.0182,-0.1028,1]},
{"frame":34,"values":[0.5128,0.2796,-0.8117,0,-0.0869,-0.9237,-0.3731,0,-0.8541,0.2618,-0.4494,0,-0.2923,-0.0182,-0.1028,1]},
{"frame":35,"values":[0.5128,0.2475,-0.8221,0,-0.0869,-0.9377,-0.3365,0,-0.8541,0.2439,-0.4593,0,-0.2923,-0.0182,-0.1028,1]},
{"frame":36,"values":[0.5128,0.2094,-0.8326,0,-0.0869,-0.9522,-0.2929,0,-0.8541,0.2225,-0.4701,0,-0.2923,-0.0182,-0.1028,1]},
{"frame":37,"values":[0.5128,0.1667,-0.8422,0,-0.0869,-0.9659,-0.244,0,-0.8541,0.1983,-0.4808,0,-0.2923,-0.0182,-0.1028,1]},
{"frame":38,"values":[0.5128,0.1214,-0.8499,0,-0.0869,-0.9775,-0.192,0,-0.8541,0.1723,-0.4907,0,-0.2923,-0.0182,-0.1028,1]},
{"frame":39,"values":[0.5128,0.0757,-0.8552,0,-0.0869,-0.9864,-0.1394,0,-0.8541,0.1458,-0.4992,0,-0.2923,-0.0182,-0.1028,1]},
{"frame":40,"values":[0.5128,0.032,-0.8579,0,-0.0869,-0.9922,-0.089,0,-0.8541,0.1201,-0.506,0,-0.2923,-0.0182,-0.1028,1]},
{"frame":41,"values":[0.5128,-0.0075,-0.8585,0,-0.0869,-0.9953,-0.0432,0,-0.8541,0.0967,-0.511,0,-0.2923,-0.0182,-0.1028,1]},
{"frame":42,"values":[0.5128,-0.0413,-0.8575,0,-0.0869,-0.9962,-0.004,0,-0.8541,0.0765,-0.5144,0,-0.2923,-0.0182,-0.1028,1]},
{"frame":43,"values":[0.5128,-0.0681,-0.8558,0,-0.0869,-0.9958,0.0272,0,-0.8541,0.0604,-0.5166,0,-0.2923,-0.0182,-0.1028,1]},
{"frame":44,"values":[0.5128,-0.0874,-0.8541,0,-0.0869,-0.995,0.0497,0,-0.8541,0.0487,-0.5178,0,-0.2923,-0.0182,-0.1028,1]},
{"frame":45,"values":[0.5128,-0.0989,-0.8528,0,-0.0869,-0.9942,0.0631,0,-0.8541,0.0417,-0.5184,0,-0.2923,-0.0182,-0.1028,1]},
{"frame":46,"values":[0.5128,-0.1027,-0.8524,0,-0.0869,-0.9939,0.0676,0,-0.8541,0.0394,-0.5186,0,-0.2923,-0.0182,-0.1028,1]},
{"frame":47,"values":[0.5128,-0.0978,-0.8529,0,-0.0869,-0.9943,0.0618,0,-0.8541,0.0424,-0.5183,0,-0.2923,-0.0182,-0.1028,1]},
{"frame":48,"values":[0.5128,-0.0827,-0.8545,0,-0.0869,-0.9952,0.0442,0,-0.8541,0.0516,-0.5175,0,-0.2923,-0.0182,-0.1028,1]},
{"frame":49,"values":[0.5128,-0.0575,-0.8566,0,-0.0869,-0.9961,0.0149,0,-0.8541,0.0668,-0.5158,0,-0.2923,-0.0182,-0.1028,1]},
{"frame":50,"values":[0.5128,-0.0228,-0.8582,0,-0.0869,-0.9959,-0.0255,0,-0.8541,0.0876,-0.5126,0,-0.2923,-0.0182,-0.1028,1]},
{"frame":51,"values":[0.5128,0.0202,-0.8583,0,-0.0869,-0.9934,-0.0753,0,-0.8541,0.1132,-0.5076,0,-0.2923,-0.0182,-0.1028,1]},
{"frame":52,"values":[0.5128,0.0693,-0.8557,0,-0.0869,-0.9874,-0.132,0,-0.8541,0.142,-0.5003,0,-0.2923,-0.0182,-0.1028,1]},
{"frame":53,"values":[0.5128,0.1214,-0.8499,0,-0.0869,-0.9775,-0.192,0,-0.8541,0.1723,-0.4907,0,-0.2923,-0.0182,-0.1028,1]},
{"frame":54,"values":[0.5128,0.173,-0.8409,0,-0.0869,-0.964,-0.2513,0,-0.8541,0.2019,-0.4793,0,-0.2923,-0.0182,-0.1028,1]},
{"frame":55,"values":[0.5128,0.2208,-0.8297,0,-0.0869,-0.9481,-0.306,0,-0.8541,0.229,-0.467,0,-0.2923,-0.0182,-0.1028,1]},
{"frame":56,"values":[0.5128,0.262,-0.8176,0,-0.0869,-0.9316,-0.3531,0,-0.8541,0.2521,-0.4549,0,-0.2923,-0.0182,-0.1028,1]},
{"frame":57,"values":[0.5128,0.2949,-0.8063,0,-0.0869,-0.9165,-0.3905,0,-0.8541,0.2703,-0.4443,0,-0.2923,-0.0182,-0.1028,1]},
{"frame":58,"values":[0.5128,0.3185,-0.7972,0,-0.0869,-0.9046,-0.4173,0,-0.8541,0.2832,-0.4362,0,-0.2923,-0.0182,-0.1028,1]},
{"frame":59,"values":[0.5128,0.3326,-0.7915,0,-0.0869,-0.8971,-0.4332,0,-0.8541,0.2909,-0.4311,0,-0.2923,-0.0182,-0.1028,1]},
{"frame":60,"values":[0.5128,0.3372,-0.7895,0,-0.0869,-0.8945,-0.4385,0,-0.8541,0.2934,-0.4294,0,-0.2923,-0.0182,-0.1028,1]}],"loopBehavior":1,"name":"anim","property":"_matrix"}},
{"name":"Bone.004","index":3,"matrix":[-0.1256,0.1582,-0.9794,0,0.9881,0.1087,-0.1092,0,0.0892,-0.9814,-0.17,0,0.2923,0.8108,-0.091,1],"rest":[-0.1801,0.0783,-0.9805,0,0.8092,0.5785,-0.1024,0,0.5592,-0.8119,-0.1676,0,0.2923,0.8108,-0.091,1],"parentBoneIndex":0,"length":0.7201
,"animation":{"dataType":3,"framePerSecond":24,"keys":[
{"frame":1,"values":[-0.125,0.1588,-0.9794,0,0.9885,0.1042,-0.1092,0,0.0848,-0.9818,-0.17,0,0.2923,0.8108,-0.091,1]},
{"frame":2,"values":[-0.1251,0.1586,-0.9794,0,0.9884,0.1054,-0.1092,0,0.0859,-0.9817,-0.17,0,0.2923,0.8108,-0.091,1]},
{"frame":3,"values":[-0.1256,0.1582,-0.9794,0,0.9881,0.1087,-0.1092,0,0.0892,-0.9814,-0.17,0,0.2923,0.8108,-0.091,1]},
{"frame":4,"values":[-0.1265,0.1575,-0.9794,0,0.9874,0.1145,-0.1091,0,0.0949,-0.9809,-0.17,0,0.2923,0.8108,-0.091,1]},
{"frame":5,"values":[-0.1276,0.1564,-0.9794,0,0.9865,0.1226,-0.109,0,0.103,-0.9801,-0.17,0,0.2923,0.8108,-0.091,1]},
{"frame":6,"values":[-0.1291,0.1551,-0.9794,0,0.9851,0.1329,-0.1088,0,0.1133,-0.9789,-0.17,0,0.2923,0.8108,-0.091,1]},
{"frame":7,"values":[-0.1309,0.1535,-0.9794,0,0.9834,0.1452,-0.1086,0,0.1255,-0.9774,-0.1699,0,0.2923,0.8108,-0.091,1]},
{"frame":8,"values":[-0.1328,0.1516,-0.9795,0,0.9813,0.159,-0.1084,0,0.1393,-0.9756,-0.1699,0,0.2923,0.8108,-0.091,1]},
{"frame":9,"values":[-0.1349,0.1496,-0.9795,0,0.9788,0.174,-0.1082,0,0.1543,-0.9733,-0.1699,0,0.2923,0.8108,-0.091,1]},
{"frame":10,"values":[-0.137,0.1474,-0.9795,0,0.9759,0.1895,-0.108,0,0.1697,-0.9708,-0.1698,0,0.2923,0.8108,-0.091,1]},
{"frame":11,"values":[-0.1391,0.1452,-0.9796,0,0.9728,0.2049,-0.1078,0,0.1851,-0.9679,-0.1698,0,0.2923,0.8108,-0.091,1]},
{"frame":12,"values":[-0.1411,0.1431,-0.9796,0,0.9696,0.2198,-0.1076,0,0.1999,-0.965,-0.1698,0,0.2923,0.8108,-0.091,1]},
{"frame":13,"values":[-0.143,0.1411,-0.9796,0,0.9664,0.2336,-0.1074,0,0.2137,-0.962,-0.1697,0,0.2923,0.8108,-0.091,1]},
{"frame":14,"values":[-0.1446,0.1392,-0.9797,0,0.9633,0.2462,-0.1072,0,0.2263,-0.9592,-0.1697,0,0.2923,0.8108,-0.091,1]},
{"frame":15,"values":[-0.146,0.1375,-0.9797,0,0.9604,0.2574,-0.107,0,0.2374,-0.9565,-0.1696,0,0.2923,0.8108,-0.091,1]},
{"frame":16,"values":[-0.1473,0.136,-0.9797,0,0.9578,0.267,-0.1069,0,0.247,-0.9541,-0.1696,0,0.2923,0.8108,-0.091,1]},
{"frame":17,"values":[-0.1484,0.1346,-0.9797,0,0.9552,0.276,-0.1068,0,0.2561,-0.9517,-0.1696,0,0.2923,0.8108,-0.091,1]},
{"frame":18,"values":[-0.1496,0.1331,-0.9797,0,0.9524,0.2855,-0.1066,0,0.2655,-0.9491,-0.1695,0,0.2923,0.8108,-0.091,1]},
{"frame":19,"values":[-0.1508,0.1316,-0.9798,0,0.9494,0.2953,-0.1065,0,0.2753,-0.9463,-0.1695,0,0.2923,0.8108,-0.091,1]},
{"frame":20,"values":[-0.1521,0.13,-0.9798,0,0.9463,0.3052,-0.1064,0,0.2852,-0.9434,-0.1694,0,0.2923,0.8108,-0.091,1]},
{"frame":21,"values":[-0.1533,0.1284,-0.9798,0,0.9431,0.3151,-0.1062,0,0.2951,-0.9403,-0.1694,0,0.2923,0.8108,-0.091,1]},
{"frame":22,"values":[-0.1544,0.1269,-0.9798,0,0.9399,0.3246,-0.1061,0,0.3046,-0.9373,-0.1694,0,0.2923,0.8108,-0.091,1]},
{"frame":23,"values":[-0.1555,0.1254,-0.9799,0,0.9368,0.3335,-0.106,0,0.3135,-0.9344,-0.1693,0,0.2923,0.8108,-0.091,1]},
{"frame":24,"values":[-0.1564,0.124,-0.9799,0,0.9339,0.3416,-0.1058,0,0.3216,-0.9316,-0.1693,0,0.2923,0.8108,-0.091,1]},
{"frame":25,"values":[-0.1572,0.1229,-0.9799,0,0.9313,0.3485,-0.1057,0,0.3285,-0.9292,-0.1692,0,0.2923,0.8108,-0.091,1]},
{"frame":26,"values":[-0.1579,0.1219,-0.9799,0,0.9292,0.3541,-0.1057,0,0.3341,-0.9272,-0.1692,0,0.2923,0.8108,-0.091,1]},
{"frame":27,"values":[-0.1584,0.1212,-0.9799,0,0.9275,0.3585,-0.1056,0,0.3385,-0.9256,-0.1692,0,0.2923,0.8108,-0.091,1]},
{"frame":28,"values":[-0.1587,0.1207,-0.9799,0,0.9264,0.3615,-0.1056,0,0.3415,-0.9245,-0.1692,0,0.2923,0.8108,-0.091,1]},
{"frame":29,"values":[-0.1589,0.1204,-0.9799,0,0.9257,0.3632,-0.1055,0,0.3432,-0.9239,-0.1692,0,0.2923,0.8108,-0.091,1]},
{"frame":30,"values":[-0.159,0.1203,-0.9799,0,0.9255,0.3638,-0.1055,0,0.3438,-0.9237,-0.1692,0,0.2923,0.8108,-0.091,1]},
{"frame":31,"values":[-0.159,0.1203,-0.9799,0,0.9256,0.3634,-0.1055,0,0.3434,-0.9238,-0.1692,0,0.2923,0.8108,-0.091,1]},
{"frame":32,"values":[-0.1588,0.1205,-0.9799,0,0.9261,0.3622,-0.1055,0,0.3423,-0.9243,-0.1692,0,0.2923,0.8108,-0.091,1]},
{"frame":33,"values":[-0.1586,0.1209,-0.9799,0,0.9269,0.3602,-0.1056,0,0.3402,-0.925,-0.1692,0,0.2923,0.8108,-0.091,1]},
{"frame":34,"values":[-0.1583,0.1214,-0.9799,0,0.928,0.3573,-0.1056,0,0.3373,-0.9261,-0.1692,0,0.2923,0.8108,-0.091,1]},
{"frame":35,"values":[-0.1578,0.1221,-0.9799,0,0.9295,0.3534,-0.1057,0,0.3334,-0.9275,-0.1692,0,0.2923,0.8108,-0.091,1]},
{"frame":36,"values":[-0.1572,0.1229,-0.9799,0,0.9313,0.3485,-0.1057,0,0.3285,-0.9292,-0.1692,0,0.2923,0.8108,-0.091,1]},
{"frame":37,"values":[-0.1565,0.1239,-0.9799,0,0.9335,0.3426,-0.1058,0,0.3226,-0.9313,-0.1693,0,0.2923,0.8108,-0.091,1]},
{"frame":38,"values":[-0.1558,0.125,-0.9799,0,0.9359,0.3359,-0.1059,0,0.3159,-0.9336,-0.1693,0,0.2923,0.8108,-0.091,1]},
{"frame":39,"values":[-0.1549,0.1262,-0.9798,0,0.9385,0.3285,-0.106,0,0.3085,-0.936,-0.1693,0,0.2923,0.8108,-0.091,1]},
{"frame":40,"values":[-0.1539,0.1276,-0.9798,0,0.9413,0.3204,-0.1061,0,0.3004,-0.9387,-0.1694,0,0.2923,0.8108,-0.091,1]},
{"frame":41,"values":[-0.1529,0.129,-0.9798,0,0.9442,0.3118,-0.1063,0,0.2918,-0.9414,-0.1694,0,0.2923,0.8108,-0.091,1]},
{"frame":42,"values":[-0.1518,0.1304,-0.9798,0,0.9471,0.3029,-0.1064,0,0.2829,-0.9441,-0.1695,0,0.2923,0.8108,-0.091,1]},
{"frame":43,"values":[-0.1507,0.1318,-0.9798,0,0.9499,0.2939,-0.1065,0,0.2739,-0.9467,-0.1695,0,0.2923,0.8108,-0.091,1]},
{"frame":44,"values":[-0.1495,0.1333,-0.9797,0,0.9526,0.2848,-0.1066,0,0.2649,-0.9493,-0.1695,0,0.2923,0.8108,-0.091,1]},
{"frame":45,"values":[-0.1484,0.1347,-0.9797,0,0.9553,0.2758,-0.1068,0,0.2559,-0.9517,-0.1696,0,0.2923,0.8108,-0.091,1]},
{"frame":46,"values":[-0.1473,0.136,-0.9797,0,0.9578,0.267,-0.1069,0,0.247,-0.9541,-0.1696,0,0.2923,0.8108,-0.091,1]},
{"frame":47,"values":[-0.146,0.1375,-0.9797,0,0.9604,0.2572,-0.107,0,0.2373,-0.9565,-0.1696,0,0.2923,0.8108,-0.091,1]},
{"frame":48,"values":[-0.1445,0.1393,-0.9797,0,0.9634,0.2456,-0.1072,0,0.2257,-0.9593,-0.1697,0,0.2923,0.8108,-0.091,1]},
{"frame":49,"values":[-0.1428,0.1413,-0.9796,0,0.9667,0.2322,-0.1074,0,0.2123,-0.9624,-0.1697,0,0.2923,0.8108,-0.091,1]},
{"frame":50,"values":[-0.1408,0.1435,-0.9796,0,0.9702,0.2173,-0.1076,0,0.1974,-0.9655,-0.1698,0,0.2923,0.8108,-0.091,1]},
{"frame":51,"values":[-0.1386,0.1458,-0.9796,0,0.9736,0.2011,-0.1078,0,0.1813,-0.9687,-0.1698,0,0.2923,0.8108,-0.091,1]},
{"frame":52,"values":[-0.1363,0.1481,-0.9795,0,0.9769,0.1845,-0.1081,0,0.1647,-0.9716,-0.1698,0,0.2923,0.8108,-0.091,1]},
{"frame":53,"values":[-0.1341,0.1504,-0.9795,0,0.9798,0.1679,-0.1083,0,0.1481,-0.9743,-0.1699,0,0.2923,0.8108,-0.091,1]},
{"frame":54,"values":[-0.1319,0.1525,-0.9795,0,0.9824,0.1521,-0.1085,0,0.1325,-0.9765,-0.1699,0,0.2923,0.8108,-0.091,1]},
{"frame":55,"values":[-0.1298,0.1544,-0.9794,0,0.9844,0.138,-0.1088,0,0.1183,-0.9783,-0.1699,0,0.2923,0.8108,-0.091,1]},
{"frame":56,"values":[-0.1281,0.156,-0.9794,0,0.986,0.1259,-0.1089,0,0.1063,-0.9797,-0.17,0,0.2923,0.8108,-0.091,1]},
{"frame":57,"values":[-0.1267,0.1572,-0.9794,0,0.9872,0.1164,-0.1091,0,0.0968,-0.9807,-0.17,0,0.2923,0.8108,-0.091,1]},
{"frame":58,"values":[-0.1257,0.1581,-0.9794,0,0.988,0.1096,-0.1092,0,0.0901,-0.9813,-0.17,0,0.2923,0.8108,-0.091,1]},
{"frame":59,"values":[-0.1252,0.1586,-0.9794,0,0.9884,0.1056,-0.1092,0,0.0861,-0.9817,-0.17,0,0.2923,0.8108,-0.091,1]},
{"frame":60,"values":[-0.125,0.1588,-0.9794,0,0.9885,0.1042,-0.1092,0,0.0848,-0.9818,-0.17,0,0.2923,0.8108,-0.091,1]}],"loopBehavior":1,"name":"anim","property":"_matrix"}},
{"name":"Bone.005","index":4,"matrix":[0.16,0.1188,-0.9799,0,-0.9222,0.3722,-0.1054,0,0.3522,0.9205,0.1691,0,-0.2923,0.8108,-0.091,1],"rest":[0.1801,0.0783,-0.9805,0,-0.8092,0.5785,-0.1024,0,0.5592,0.8119,0.1676,0,-0.2923,0.8108,-0.091,1],"parentBoneIndex":0,"length":0.7201
,"animation":{"dataType":3,"framePerSecond":24,"keys":[
{"frame":1,"values":[0.1602,0.1184,-0.98,0,-0.9212,0.3746,-0.1054,0,0.3546,0.9196,0.1691,0,-0.2923,0.8108,-0.091,1]},
{"frame":2,"values":[0.1602,0.1185,-0.9799,0,-0.9214,0.374,-0.1054,0,0.354,0.9198,0.1691,0,-0.2923,0.8108,-0.091,1]},
{"frame":3,"values":[0.16,0.1188,-0.9799,0,-0.9222,0.3722,-0.1054,0,0.3522,0.9205,0.1691,0,-0.2923,0.8108,-0.091,1]},
{"frame":4,"values":[0.1596,0.1194,-0.9799,0,-0.9234,0.369,-0.1054,0,0.3491,0.9217,0.1691,0,-0.2923,0.8108,-0.091,1]},
{"frame":5,"values":[0.1591,0.1201,-0.9799,0,-0.9252,0.3646,-0.1055,0,0.3446,0.9234,0.1692,0,-0.2923,0.8108,-0.091,1]},
{"frame":6,"values":[0.1584,0.1211,-0.9799,0,-0.9274,0.3588,-0.1056,0,0.3388,0.9255,0.1692,0,-0.2923,0.8108,-0.091,1]},
{"frame":7,"values":[0.1576,0.1223,-0.9799,0,-0.9301,0.3517,-0.1057,0,0.3317,0.9281,0.1692,0,-0.2923,0.8108,-0.091,1]},
{"frame":8,"values":[0.1566,0.1237,-0.9799,0,-0.9332,0.3435,-0.1058,0,0.3235,0.931,0.1693,0,-0.2923,0.8108,-0.091,1]},
{"frame":9,"values":[0.1556,0.1252,-0.9799,0,-0.9365,0.3344,-0.1059,0,0.3144,0.9341,0.1693,0,-0.2923,0.8108,-0.091,1]},
{"frame":10,"values":[0.1544,0.1269,-0.9798,0,-0.9399,0.3246,-0.1061,0,0.3046,0.9373,0.1694,0,-0.2923,0.8108,-0.091,1]},
{"frame":11,"values":[0.1532,0.1285,-0.9798,0,-0.9433,0.3145,-0.1062,0,0.2945,0.9405,0.1694,0,-0.2923,0.8108,-0.091,1]},
{"frame":12,"values":[0.1519,0.1301,-0.9798,0,-0.9466,0.3044,-0.1064,0,0.2844,0.9436,0.1694,0,-0.2923,0.8108,-0.091,1]},
{"frame":13,"values":[0.1507,0.1317,-0.9798,0,-0.9497,0.2944,-0.1065,0,0.2744,0.9466,0.1695,0,-0.2923,0.8108,-0.091,1]},
{"frame":14,"values":[0.1495,0.1333,-0.9797,0,-0.9527,0.2847,-0.1067,0,0.2647,0.9493,0.1695,0,-0.2923,0.8108,-0.091,1]},
{"frame":15,"values":[0.1484,0.1347,-0.9797,0,-0.9553,0.2755,-0.1068,0,0.2556,0.9518,0.1696,0,-0.2923,0.8108,-0.091,1]},
{"frame":16,"values":[0.1473,0.136,-0.9797,0,-0.9578,0.267,-0.1069,0,0.247,0.9541,0.1696,0,-0.2923,0.8108,-0.091,1]},
{"frame":17,"values":[0.1461,0.1374,-0.9797,0,-0.9602,0.2581,-0.107,0,0.2381,0.9563,0.1696,0,-0.2923,0.8108,-0.091,1]},
{"frame":18,"values":[0.1448,0.1389,-0.9797,0,-0.9629,0.2478,-0.1072,0,0.2279,0.9588,0.1697,0,-0.2923,0.8108,-0.091,1]},
{"frame":19,"values":[0.1433,0.1406,-0.9796,0,-0.9657,0.2364,-0.1073,0,0.2165,0.9614,0.1697,0,-0.2923,0.8108,-0.091,1]},
{"frame":20,"values":[0.1417,0.1425,-0.9796,0,-0.9686,0.2241,-0.1075,0,0.2042,0.9641,0.1697,0,-0.2923,0.8108,-0.091,1]},
{"frame":21,"values":[0.1399,0.1444,-0.9796,0,-0.9715,0.211,-0.1077,0,0.1911,0.9668,0.1698,0,-0.2923,0.8108,-0.091,1]},
{"frame":22,"values":[0.1382,0.1463,-0.9796,0,-0.9743,0.1977,-0.1079,0,0.1778,0.9693,0.1698,0,-0.2923,0.8108,-0.091,1]},
{"frame":23,"values":[0.1364,0.1481,-0.9795,0,-0.9768,0.1846,-0.1081,0,0.1648,0.9716,0.1698,0,-0.2923,0.8108,-0.091,1]},
{"frame":24,"values":[0.1347,0.1498,-0.9795,0,-0.9791,0.1724,-0.1083,0,0.1526,0.9736,0.1699,0,-0.2923,0.8108,-0.091,1]},
{"frame":25,"values":[0.1332,0.1513,-0.9795,0,-0.9809,0.1615,-0.1084,0,0.1417,0.9752,0.1699,0,-0.2923,0.8108,-0.091,1]},
{"frame":26,"values":[0.1319,0.1525,-0.9795,0,-0.9824,0.1522,-0.1085,0,0.1325,0.9765,0.1699,0,-0.2923,0.8108,-0.091,1]},
{"frame":27,"values":[0.1308,0.1535,-0.9794,0,-0.9834,0.145,-0.1087,0,0.1253,0.9775,0.1699,0,-0.2923,0.8108,-0.091,1]},
{"frame":28,"values":[0.1301,0.1542,-0.9794,0,-0.9842,0.1398,-0.1087,0,0.1202,0.9781,0.1699,0,-0.2923,0.8108,-0.091,1]},
{"frame":29,"values":[0.1297,0.1546,-0.9794,0,-0.9846,0.1368,-0.1088,0,0.1172,0.9785,0.1699,0,-0.2923,0.8108,-0.091,1]},
{"frame":30,"values":[0.1295,0.1547,-0.9794,0,-0.9847,0.1358,-0.1088,0,0.1162,0.9786,0.1699,0,-0.2923,0.8108,-0.091,1]},
{"frame":31,"values":[0.1296,0.1546,-0.9794,0,-0.9846,0.1365,-0.1088,0,0.1169,0.9785,0.1699,0,-0.2923,0.8108,-0.091,1]},
{"frame":32,"values":[0.13,0.1543,-0.9794,0,-0.9843,0.1387,-0.1087,0,0.1191,0.9782,0.1699,0,-0.2923,0.8108,-0.091,1]},
{"frame":33,"values":[0.1305,0.1538,-0.9794,0,-0.9838,0.1425,-0.1087,0,0.1228,0.9778,0.1699,0,-0.2923,0.8108,-0.091,1]},
{"frame":34,"values":[0.1312,0.1531,-0.9795,0,-0.983,0.1478,-0.1086,0,0.1281,0.9771,0.1699,0,-0.2923,0.8108,-0.091,1]},
{"frame":35,"values":[0.1322,0.1522,-0.9795,0,-0.982,0.1546,-0.1085,0,0.1349,0.9762,0.1699,0,-0.2923,0.8108,-0.091,1]},
{"frame":36,"values":[0.1334,0.1511,-0.9795,0,-0.9807,0.1629,-0.1084,0,0.1432,0.975,0.1699,0,-0.2923,0.8108,-0.091,1]},
{"frame":37,"values":[0.1347,0.1498,-0.9795,0,-0.9791,0.1724,-0.1083,0,0.1526,0.9736,0.1699,0,-0.2923,0.8108,-0.091,1]},
{"frame":38,"values":[0.1361,0.1483,-0.9795,0,-0.9772,0.1829,-0.1081,0,0.1631,0.9719,0.1699,0,-0.2923,0.8108,-0.091,1]},
{"frame":39,"values":[0.1377,0.1468,-0.9795,0,-0.975,0.1941,-0.1079,0,0.1743,0.9699,0.1698,0,-0.2923,0.8108,-0.091,1]},
{"frame":40,"values":[0.1392,0.1451,-0.9796,0,-0.9727,0.2057,-0.1078,0,0.1858,0.9678,0.1698,0,-0.2923,0.8108,-0.091,1]},
{"frame":41,"values":[0.1408,0.1435,-0.9796,0,-0.9702,0.2172,-0.1076,0,0.1973,0.9655,0.1698,0,-0.2923,0.8108,-0.091,1]},
{"frame":42,"values":[0.1423,0.1418,-0.9796,0,-0.9676,0.2285,-0.1075,0,0.2086,0.9632,0.1697,0,-0.2923,0.8108,-0.091,1]},
{"frame":43,"values":[0.1437,0.1402,-0.9796,0,-0.965,0.2393,-0.1073,0,0.2193,0.9608,0.1697,0,-0.2923,0.8108,-0.091,1]},
{"frame":44,"values":[0.145,0.1387,-0.9797,0,-0.9625,0.2493,-0.1072,0,0.2294,0.9584,0.1697,0,-0.2923,0.8108,-0.091,1]},
{"frame":45,"values":[0.1462,0.1373,-0.9797,0,-0.96,0.2586,-0.107,0,0.2386,0.9562,0.1696,0,-0.2923,0.8108,-0.091,1]},
{"frame":46,"values":[0.1473,0.136,-0.9797,0,-0.9578,0.267,-0.1069,0,0.247,0.9541,0.1696,0,-0.2923,0.8108,-0.091,1]},
{"frame":47,"values":[0.1483,0.1347,-0.9797,0,-0.9554,0.2754,-0.1068,0,0.2554,0.9519,0.1696,0,-0.2923,0.8108,-0.091,1]},
{"frame":48,"values":[0.1495,0.1333,-0.9797,0,-0.9527,0.2846,-0.1067,0,0.2646,0.9493,0.1695,0,-0.2923,0.8108,-0.091,1]},
{"frame":49,"values":[0.1507,0.1317,-0.9798,0,-0.9497,0.2946,-0.1065,0,0.2746,0.9465,0.1695,0,-0.2923,0.8108,-0.091,1]},
{"frame":50,"values":[0.152,0.13,-0.9798,0,-0.9463,0.3052,-0.1064,0,0.2852,0.9434,0.1694,0,-0.2923,0.8108,-0.091,1]},
{"frame":51,"values":[0.1534,0.1283,-0.9798,0,-0.9428,0.316,-0.1062,0,0.296,0.94,0.1694,0,-0.2923,0.8108,-0.091,1]},
{"frame":52,"values":[0.1547,0.1265,-0.9798,0,-0.9391,0.3268,-0.106,0,0.3068,0.9366,0.1693,0,-0.2923,0.8108,-0.091,1]},
{"frame":53,"values":[0.1559,0.1248,-0.9799,0,-0.9354,0.3372,-0.1059,0,0.3172,0.9331,0.1693,0,-0.2923,0.8108,-0.091,1]},
{"frame":54,"values":[0.157,0.1232,-0.9799,0,-0.9319,0.3468,-0.1058,0,0.3268,0.9298,0.1692,0,-0.2923,0.8108,-0.091,1]},
{"frame":55,"values":[0.158,0.1217,-0.9799,0,-0.9288,0.3553,-0.1056,0,0.3353,0.9268,0.1692,0,-0.2923,0.8108,-0.091,1]},
{"frame":56,"values":[0.1588,0.1205,-0.9799,0,-0.9261,0.3623,-0.1055,0,0.3423,0.9242,0.1692,0,-0.2923,0.8108,-0.091,1]},
{"frame":57,"values":[0.1595,0.1196,-0.9799,0,-0.9239,0.3678,-0.1055,0,0.3478,0.9222,0.1691,0,-0.2923,0.8108,-0.091,1]},
{"frame":58,"values":[0.1599,0.1189,-0.9799,0,-0.9224,0.3716,-0.1054,0,0.3516,0.9207,0.1691,0,-0.2923,0.8108,-0.091,1]},
{"frame":59,"values":[0.1602,0.1185,-0.9799,0,-0.9215,0.3738,-0.1054,0,0.3539,0.9199,0.1691,0,-0.2923,0.8108,-0.091,1]},
{"frame":60,"values":[0.1602,0.1184,-0.98,0,-0.9212,0.3746,-0.1054,0,0.3546,0.9196,0.1691,0,-0.2923,0.8108,-0.091,1]}],"loopBehavior":1,"name":"anim","property":"_matrix"}},
{"name":"Bone.003","index":5,"matrix":[1,0,0,0,0,0.9999,0.0143,0,0,-0.0143,0.9999,0,0,1.0153,0.0063,1],"rest":[1,0,0,0,0,0.9999,0.0143,0,0,-0.0143,0.9999,0,0,1.0098,0.0036,1],"parentBoneIndex":0,"length":0.5442
,"animation":{"dataType":3,"framePerSecond":24,"keys":[
{"frame":1,"values":[1,0,0,0,0,0.9999,0.0143,0,0,-0.0143,0.9999,0,0,1.0155,0.0064,1]},
{"frame":2,"values":[1,0,0,0,0,0.9999,0.0143,0,0,-0.0143,0.9999,0,0,1.0154,0.0064,1]},
{"frame":3,"values":[1,0,0,0,0,0.9999,0.0143,0,0,-0.0143,0.9999,0,0,1.0153,0.0063,1]},
{"frame":4,"values":[1,0,0,0,0,0.9999,0.0143,0,0,-0.0143,0.9999,0,0,1.015,0.0062,1]},
{"frame":5,"values":[1,0,0,0,0,0.9999,0.0143,0,0,-0.0143,0.9999,0,0,1.0146,0.006,1]},
{"frame":6,"values":[1,0,0,0,0,0.9999,0.0143,0,0,-0.0143,0.9999,0,0,1.0141,0.0057,1]},
{"frame":7,"values":[1,0,0,0,0,0.9999,0.0143,0,0,-0.0143,0.9999,0,0,1.0136,0.0055,1]},
{"frame":8,"values":[1,0,0,0,0,0.9999,0.0143,0,0,-0.0143,0.9999,0,0,1.013,0.0052,1]},
{"frame":9,"values":[1,0,0,0,0,0.9999,0.0143,0,0,-0.0143,0.9999,0,0,1.0124,0.0049,1]},
{"frame":10,"values":[1,0,0,0,0,0.9999,0.0143,0,0,-0.0143,0.9999,0,0,1.0118,0.0046,1]},
{"frame":11,"values":[1,0,0,0,0,0.9999,0.0143,0,0,-0.0143,0.9999,0,0,1.0112,0.0043,1]},
{"frame":12,"values":[1,0,0,0,0,0.9999,0.0143,0,0,-0.0143,0.9999,0,0,1.0107,0.004,1]},
{"frame":13,"values":[1,0,0,0,0,0.9999,0.0143,0,0,-0.0143,0.9999,0,0,1.0103,0.0039,1]},
{"frame":14,"values":[1,0,0,0,0,0.9999,0.0143,0,0,-0.0143,0.9999,0,0,1.0101,0.0037,1]},
{"frame":15,"values":[1,0,0,0,0,0.9999,0.0143,0,0,-0.0143,0.9999,0,0,1.0099,0.0036,1]},
{"frame":16,"values":[1,0,0,0,0,0.9999,0.0143,0,0,-0.0143,0.9999,0,0,1.0098,0.0036,1]},
{"frame":17,"values":[1,0,0,0,0,0.9999,0.0143,0,0,-0.0143,0.9999,0,0,1.0102,0.0038,1]},
